Count of Points:3073

WCS coordinates of Points:
     74.367     9.727   -12.764
     74.273     9.676   -12.766
     74.199     9.636   -12.768
     74.126     9.596   -12.770
     74.068     9.565   -12.772
     73.994     9.525   -12.774
     73.936     9.495   -12.776
     73.877     9.464   -12.778
     73.832     9.440   -12.780
     73.757     9.402   -12.783
     73.699     9.371   -12.785
     73.640     9.341   -12.788
     73.594     9.318   -12.790
     73.536     9.288   -12.792
     73.490     9.265   -12.795
     73.444     9.242   -12.797
     73.407     9.224   -12.799
     73.332     9.187   -12.802
     73.273     9.158   -12.806
     73.215     9.129   -12.809
     73.168     9.107   -12.811
     73.109     9.078   -12.815
     73.063     9.056   -12.818
     73.016     9.034   -12.820
     72.980     9.016   -12.823
     72.920     8.988   -12.826
     72.874     8.966   -12.830
     72.827     8.945   -12.833
     72.790     8.928   -12.835
     72.744     8.906   -12.838
     72.707     8.889   -12.841
     72.670     8.872   -12.843
     72.641     8.859   -12.845
     72.566     8.825   -12.851
     72.506     8.798   -12.855
     72.446     8.771   -12.860
     72.399     8.750   -12.864
     72.339     8.724   -12.868
     72.292     8.703   -12.872
     72.245     8.683   -12.876
     72.208     8.667   -12.879
     72.148     8.641   -12.884
     72.101     8.620   -12.888
     72.054     8.600   -12.892
     72.017     8.585   -12.896
     71.970     8.565   -12.900
     71.933     8.549   -12.903
     71.896     8.534   -12.907
     71.866     8.521   -12.909
     71.806     8.496   -12.915
     71.759     8.477   -12.920
     71.711     8.458   -12.924
     71.674     8.442   -12.928
     71.627     8.423   -12.932
     71.589     8.408   -12.936
     71.552     8.393   -12.940
     71.523     8.382   -12.943
     71.475     8.363   -12.948
     71.438     8.348   -12.952
     71.401     8.333   -12.956
     71.371     8.322   -12.959
     71.334     8.307   -12.963
     71.304     8.296   -12.966
     71.275     8.285   -12.969
     71.252     8.276   -12.971
     71.175     8.246   -12.980
     71.114     8.223   -12.987
     71.053     8.200   -12.994
     71.006     8.183   -12.999
     70.945     8.160   -13.006
     70.897     8.143   -13.012
     70.849     8.125   -13.017
     70.812     8.111   -13.022
     70.751     8.089   -13.029
     70.703     8.072   -13.035
     70.655     8.055   -13.041
     70.617     8.042   -13.046
     70.569     8.025   -13.052
     70.532     8.012   -13.057
     70.494     7.999   -13.061
     70.464     7.989   -13.065
     70.403     7.968   -13.073
     70.355     7.951   -13.079
     70.307     7.935   -13.086
     70.270     7.922   -13.091
     70.221     7.906   -13.097
     70.184     7.893   -13.102
     70.146     7.881   -13.107
     70.116     7.871   -13.112
     70.068     7.855   -13.118
     70.030     7.843   -13.123
     69.992     7.831   -13.129
     69.963     7.821   -13.133
     69.925     7.809   -13.138
     69.895     7.800   -13.143
     69.865     7.790   -13.147
     69.842     7.783   -13.150
     69.781     7.764   -13.159
     69.733     7.748   -13.166
     69.684     7.734   -13.173
     69.646     7.722   -13.179
     69.598     7.707   -13.186
     69.560     7.696   -13.192
     69.522     7.684   -13.197
     69.493     7.675   -13.202
     69.444     7.661   -13.209
     69.406     7.650   -13.215
     69.368     7.638   -13.221
     69.339     7.630   -13.226
     69.301     7.619   -13.231
     69.271     7.610   -13.236
     69.241     7.601   -13.241
     69.218     7.595   -13.245
     69.169     7.581   -13.252
     69.131     7.570   -13.258
     69.093     7.559   -13.264
     69.063     7.551   -13.269
     69.025     7.540   -13.275
     68.996     7.532   -13.280
     68.966     7.524   -13.285
     68.942     7.517   -13.289
     68.904     7.507   -13.295
     68.874     7.499   -13.300
     68.845     7.491   -13.305
     68.821     7.484   -13.309
     68.791     7.476   -13.314
     68.768     7.470   -13.318
     68.744     7.464   -13.322
     68.726     7.459   -13.325
     68.647     7.438   -13.339
     68.586     7.422   -13.349
     68.524     7.406   -13.360
     68.476     7.394   -13.368
     68.414     7.379   -13.379
     68.366     7.366   -13.388
     68.317     7.354   -13.396
     68.279     7.345   -13.403
     68.218     7.330   -13.414
     68.169     7.318   -13.423
     68.121     7.307   -13.432
     68.083     7.298   -13.439
     68.034     7.286   -13.448
     67.996     7.277   -13.455
     67.958     7.269   -13.462
     67.928     7.262   -13.467
     67.867     7.248   -13.479
     67.818     7.237   -13.488
     67.770     7.226   -13.497
     67.732     7.217   -13.505
     67.683     7.207   -13.514
     67.645     7.198   -13.521
     67.607     7.190   -13.528
     67.577     7.184   -13.534
     67.529     7.173   -13.544
     67.491     7.165   -13.551
     67.453     7.157   -13.559
     67.423     7.151   -13.565
     67.385     7.143   -13.572
     67.355     7.137   -13.578
     67.325     7.131   -13.584
     67.302     7.126   -13.589
     67.240     7.113   -13.601
     67.192     7.104   -13.611
     67.143     7.094   -13.620
     67.105     7.087   -13.628
     67.057     7.077   -13.638
     67.019     7.070   -13.646
     66.981     7.063   -13.654
     66.951     7.057   -13.660
     66.903     7.048   -13.670
     66.865     7.041   -13.678
     66.827     7.034   -13.686
     66.797     7.028   -13.692
     66.759     7.021   -13.700
     66.729     7.016   -13.706
     66.699     7.011   -13.713
     66.676     7.006   -13.718
     66.627     6.998   -13.728
     66.590     6.991   -13.736
     66.552     6.984   -13.744
     66.522     6.979   -13.751
     66.484     6.973   -13.759
     66.454     6.968   -13.765
     66.424     6.963   -13.772
     66.401     6.959   -13.777
     66.363     6.952   -13.785
     66.333     6.948   -13.791
     66.303     6.943   -13.798
     66.280     6.939   -13.803
     66.250     6.934   -13.810
     66.227     6.930   -13.815
     66.203     6.927   -13.820
     66.185     6.924   -13.824
     66.123     6.914   -13.838
     66.075     6.906   -13.849
     66.027     6.899   -13.859
     65.989     6.893   -13.868
     65.941     6.886   -13.879
     65.903     6.880   -13.887
     65.865     6.875   -13.896
     65.836     6.870   -13.903
     65.787     6.864   -13.914
     65.750     6.858   -13.922
     65.712     6.853   -13.931
     65.682     6.849   -13.938
     65.644     6.843   -13.947
     65.615     6.839   -13.954
     65.585     6.835   -13.960
     65.562     6.832   -13.966
     65.514     6.826   -13.977
     65.476     6.821   -13.986
     65.438     6.816   -13.995
     65.408     6.812   -14.002
     65.371     6.807   -14.011
     65.341     6.803   -14.018
     65.311     6.799   -14.025
     65.288     6.797   -14.030
     65.250     6.792   -14.039
     65.221     6.788   -14.046
     65.191     6.785   -14.053
     65.168     6.782   -14.059
     65.138     6.778   -14.066
     65.115     6.775   -14.072
     65.092     6.773   -14.077
     65.074     6.771   -14.082
     65.026     6.765   -14.093
     64.988     6.761   -14.102
     64.950     6.756   -14.112
     64.921     6.753   -14.119
     64.883     6.749   -14.128
     64.854     6.746   -14.135
     64.824     6.743   -14.143
     64.801     6.740   -14.148
     64.763     6.736   -14.158
     64.734     6.733   -14.165
     64.704     6.730   -14.172
     64.681     6.728   -14.178
     64.652     6.724   -14.185
     64.628     6.722   -14.191
     64.605     6.720   -14.197
     64.587     6.718   -14.201
     64.549     6.714   -14.211
     64.520     6.711   -14.218
     64.491     6.709   -14.226
     64.467     6.706   -14.231
     64.438     6.704   -14.239
     64.415     6.701   -14.245
     64.392     6.699   -14.250
     64.374     6.698   -14.255
     64.344     6.695   -14.263
     64.321     6.693   -14.268
     64.298     6.691   -14.274
     64.280     6.689   -14.279
     64.257     6.687   -14.285
     64.238     6.686   -14.289
     64.220     6.684   -14.294
     64.206     6.683   -14.298
     64.129     6.676   -14.318
     64.068     6.671   -14.333
     64.008     6.666   -14.349
     63.960     6.663   -14.361
     63.900     6.658   -14.377
     63.852     6.654   -14.389
     63.805     6.651   -14.402
     63.767     6.648   -14.412
     63.707     6.644   -14.428
     63.660     6.641   -14.440
     63.612     6.638   -14.453
     63.575     6.635   -14.463
     63.528     6.632   -14.475
     63.490     6.630   -14.485
     63.453     6.628   -14.495
     63.424     6.626   -14.503
     63.364     6.622   -14.519
     63.316     6.620   -14.532
     63.269     6.617   -14.545
     63.232     6.615   -14.555
     63.185     6.613   -14.568
     63.148     6.611   -14.578
     63.111     6.609   -14.588
     63.081     6.607   -14.596
     63.034     6.605   -14.609
     62.997     6.604   -14.619
     62.960     6.602   -14.629
     62.931     6.601   -14.637
     62.894     6.599   -14.647
     62.865     6.598   -14.655
     62.836     6.597   -14.663
     62.813     6.596   -14.670
     62.753     6.593   -14.686
     62.706     6.592   -14.699
     62.659     6.590   -14.713
     62.622     6.589   -14.723
     62.575     6.587   -14.736
     62.538     6.586   -14.747
     62.501     6.585   -14.757
     62.472     6.584   -14.765
     62.425     6.583   -14.778
     62.388     6.582   -14.789
     62.351     6.581   -14.799
     62.322     6.580   -14.807
     62.286     6.579   -14.818
     62.257     6.579   -14.826
     62.228     6.578   -14.834
     62.205     6.577   -14.841
     62.158     6.576   -14.854
     62.121     6.576   -14.865
     62.085     6.575   -14.875
     62.056     6.575   -14.884
     62.019     6.574   -14.894
     61.990     6.574   -14.903
     61.961     6.573   -14.911
     61.938     6.573   -14.918
     61.902     6.573   -14.928
     61.873     6.572   -14.937
     61.844     6.572   -14.945
     61.821     6.572   -14.952
     61.793     6.571   -14.960
     61.770     6.571   -14.967
     61.747     6.571   -14.973
     61.729     6.571   -14.978
     61.670     6.571   -14.996
     61.623     6.570   -15.009
     61.577     6.570   -15.023
     61.540     6.570   -15.034
     61.494     6.570   -15.048
     61.457     6.570   -15.058
     61.420     6.570   -15.069
     61.392     6.571   -15.078
     61.345     6.571   -15.092
     61.309     6.571   -15.102
     61.272     6.571   -15.113
     61.243     6.571   -15.122
     61.207     6.572   -15.133
     61.178     6.572   -15.141
     61.150     6.572   -15.150
     61.127     6.572   -15.157
     61.081     6.573   -15.171
     61.044     6.573   -15.181
     61.008     6.574   -15.192
     60.979     6.574   -15.201
     60.943     6.575   -15.212
     60.914     6.575   -15.221
     60.885     6.576   -15.229
     60.863     6.576   -15.236
     60.827     6.577   -15.247
     60.798     6.578   -15.256
     60.769     6.578   -15.265
     60.747     6.579   -15.271
     60.718     6.579   -15.280
     60.696     6.580   -15.287
     60.674     6.580   -15.294
     60.656     6.581   -15.299
     60.610     6.582   -15.313
     60.573     6.583   -15.324
     60.537     6.584   -15.335
     60.509     6.585   -15.344
     60.472     6.586   -15.355
     60.444     6.586   -15.364
     60.415     6.587   -15.373
     60.393     6.588   -15.380
     60.357     6.589   -15.391
     60.328     6.590   -15.400
     60.300     6.591   -15.409
     60.277     6.592   -15.415
     60.249     6.593   -15.424
     60.227     6.594   -15.431
     60.204     6.594   -15.438
     60.187     6.595   -15.444
     60.150     6.596   -15.455
     60.122     6.597   -15.464
     60.094     6.599   -15.472
     60.071     6.599   -15.479
     60.043     6.601   -15.488
     60.021     6.601   -15.495
     59.998     6.602   -15.502
     59.981     6.603   -15.508
     59.952     6.604   -15.517
     59.930     6.605   -15.524
     59.908     6.606   -15.531
     59.890     6.607   -15.536
     59.868     6.608   -15.543
     59.850     6.609   -15.548
     59.833     6.610   -15.554
     59.819     6.610   -15.558
     59.761     6.613   -15.577
     59.715     6.615   -15.591
     59.669     6.618   -15.606
     59.633     6.619   -15.617
     59.587     6.622   -15.632
     59.551     6.624   -15.643
     59.515     6.626   -15.654
     59.487     6.627   -15.663
     59.441     6.630   -15.678
     59.405     6.632   -15.689
     59.369     6.634   -15.701
     59.341     6.635   -15.710
     59.305     6.637   -15.721
     59.277     6.639   -15.730
     59.248     6.641   -15.739
     59.226     6.642   -15.746
     59.181     6.645   -15.761
     59.145     6.647   -15.773
     59.109     6.649   -15.784
     59.081     6.651   -15.793
     59.045     6.654   -15.805
     59.017     6.655   -15.814
     58.989     6.657   -15.823
     58.966     6.659   -15.830
     58.931     6.661   -15.842
     58.902     6.663   -15.851
     58.874     6.665   -15.860
     58.852     6.667   -15.867
     58.824     6.669   -15.876
     58.802     6.670   -15.883
     58.780     6.672   -15.890
     58.763     6.673   -15.896
     58.717     6.676   -15.911
     58.681     6.679   -15.922
     58.646     6.682   -15.934
     58.617     6.684   -15.943
     58.582     6.686   -15.955
     58.554     6.689   -15.964
     58.526     6.691   -15.973
     58.504     6.693   -15.980
     58.468     6.695   -15.992
     58.440     6.698   -16.001
     58.412     6.700   -16.010
     58.390     6.702   -16.018
     58.362     6.704   -16.027
     58.340     6.706   -16.034
     58.318     6.707   -16.041
     58.300     6.709   -16.047
     58.265     6.712   -16.059
     58.237     6.714   -16.068
     58.209     6.717   -16.077
     58.187     6.718   -16.084
     58.159     6.721   -16.093
     58.137     6.723   -16.101
     58.115     6.725   -16.108
     58.098     6.726   -16.114
     58.070     6.729   -16.123
     58.048     6.730   -16.130
     58.026     6.732   -16.137
     58.008     6.734   -16.143
     57.987     6.736   -16.150
     57.969     6.737   -16.156
     57.952     6.739   -16.162
     57.938     6.740   -16.166
     57.893     6.744   -16.181
     57.858     6.748   -16.193
     57.822     6.751   -16.205
     57.794     6.754   -16.214
     57.759     6.757   -16.226
     57.731     6.760   -16.235
     57.703     6.762   -16.245
     57.681     6.764   -16.252
     57.646     6.768   -16.264
     57.618     6.770   -16.273
     57.590     6.773   -16.282
     57.568     6.775   -16.290
     57.540     6.778   -16.299
     57.518     6.780   -16.306
     57.496     6.782   -16.314
     57.479     6.784   -16.319
     57.444     6.788   -16.331
     57.416     6.791   -16.341
     57.388     6.793   -16.350
     57.366     6.796   -16.357
     57.338     6.798   -16.367
     57.317     6.801   -16.374
     57.295     6.803   -16.381
     57.278     6.805   -16.387
     57.250     6.808   -16.396
     57.228     6.810   -16.404
     57.206     6.812   -16.411
     57.189     6.814   -16.417
     57.167     6.816   -16.424
     57.150     6.818   -16.430
     57.133     6.820   -16.436
     57.119     6.822   -16.440
     57.084     6.825   -16.452
     57.056     6.828   -16.462
     57.029     6.831   -16.471
     57.007     6.834   -16.478
     56.979     6.837   -16.488
     56.957     6.839   -16.495
     56.935     6.842   -16.503
     56.918     6.844   -16.508
     56.891     6.847   -16.518
     56.869     6.849   -16.525
     56.847     6.852   -16.533
     56.830     6.854   -16.538
     56.808     6.856   -16.546
     56.791     6.858   -16.552
     56.774     6.860   -16.557
     56.761     6.862   -16.562
     56.733     6.865   -16.571
     56.711     6.867   -16.579
     56.689     6.870   -16.586
     56.672     6.872   -16.592
     56.650     6.874   -16.599
     56.633     6.876   -16.605
     56.616     6.878   -16.611
     56.603     6.880   -16.616
     56.581     6.883   -16.623
     56.564     6.885   -16.629
     56.547     6.887   -16.635
     56.534     6.888   -16.639
     56.516     6.890   -16.645
     56.503     6.892   -16.650
     56.490     6.893   -16.654
     56.479     6.895   -16.658
     56.407     6.903   -16.683
     56.350     6.910   -16.702
     56.293     6.917   -16.722
     56.248     6.923   -16.737
     56.191     6.930   -16.757
     56.146     6.936   -16.772
     56.102     6.941   -16.787
     56.067     6.946   -16.799
     56.010     6.953   -16.819
     55.965     6.959   -16.834
     55.920     6.965   -16.850
     55.885     6.969   -16.862
     55.841     6.975   -16.877
     55.806     6.980   -16.889
     55.771     6.985   -16.902
     55.743     6.988   -16.911
     55.686     6.996   -16.931
     55.642     7.002   -16.946
     55.597     7.008   -16.962
     55.562     7.013   -16.974
     55.518     7.019   -16.989
     55.483     7.024   -17.001
     55.448     7.028   -17.013
     55.420     7.032   -17.023
     55.376     7.038   -17.038
     55.341     7.043   -17.051
     55.306     7.048   -17.063
     55.278     7.052   -17.072
     55.243     7.057   -17.085
     55.216     7.061   -17.094
     55.188     7.065   -17.104
     55.167     7.068   -17.111
     55.110     7.076   -17.131
     55.066     7.082   -17.146
     55.021     7.089   -17.162
     54.987     7.094   -17.174
     54.942     7.101   -17.190
     54.907     7.106   -17.202
     54.872     7.111   -17.214
     54.845     7.115   -17.224
     54.801     7.121   -17.239
     54.766     7.127   -17.251
     54.731     7.132   -17.264
     54.704     7.136   -17.273
     54.669     7.141   -17.285
     54.641     7.145   -17.295
     54.614     7.149   -17.305
     54.593     7.153   -17.312
     54.548     7.159   -17.328
     54.513     7.165   -17.340
     54.479     7.170   -17.352
     54.451     7.174   -17.362
     54.416     7.180   -17.374
     54.389     7.184   -17.384
     54.362     7.188   -17.393
     54.340     7.192   -17.401
     54.306     7.197   -17.413
     54.278     7.201   -17.423
     54.251     7.206   -17.432
     54.229     7.209   -17.440
     54.202     7.213   -17.449
     54.181     7.217   -17.457
     54.159     7.220   -17.464
     54.142     7.223   -17.470
     54.086     7.232   -17.490
     54.042     7.239   -17.506
     53.998     7.246   -17.521
     53.963     7.251   -17.534
     53.919     7.258   -17.549
     53.884     7.264   -17.562
     53.849     7.270   -17.574
     53.822     7.274   -17.583
     53.778     7.281   -17.599
     53.743     7.287   -17.611
     53.708     7.293   -17.624
     53.681     7.297   -17.633
     53.646     7.303   -17.646
     53.619     7.307   -17.655
     53.592     7.312   -17.665
     53.571     7.315   -17.672
     53.526     7.323   -17.688
     53.492     7.329   -17.700
     53.457     7.334   -17.713
     53.430     7.339   -17.722
     53.395     7.345   -17.734
     53.368     7.349   -17.744
     53.341     7.354   -17.754
     53.319     7.358   -17.761
     53.285     7.364   -17.774
     53.257     7.368   -17.783
     53.230     7.373   -17.793
     53.209     7.376   -17.801
     53.182     7.381   -17.810
     53.160     7.385   -17.818
     53.139     7.388   -17.825
     53.122     7.391   -17.831
     53.078     7.399   -17.847
     53.043     7.405   -17.859
     53.009     7.411   -17.872
     52.982     7.416   -17.881
     52.947     7.422   -17.893
     52.920     7.426   -17.903
     52.893     7.431   -17.913
     52.871     7.435   -17.920
     52.837     7.441   -17.933
     52.810     7.446   -17.942
     52.782     7.450   -17.952
     52.761     7.454   -17.960
     52.734     7.459   -17.969
     52.712     7.463   -17.977
     52.691     7.466   -17.984
     52.674     7.469   -17.990
     52.640     7.475   -18.003
     52.613     7.480   -18.012
     52.585     7.485   -18.022
     52.564     7.489   -18.030
     52.537     7.494   -18.039
     52.516     7.498   -18.047
     52.494     7.501   -18.054
     52.477     7.504   -18.060
     52.450     7.509   -18.070
     52.429     7.513   -18.078
     52.408     7.517   -18.085
     52.391     7.520   -18.091
     52.370     7.524   -18.099
     52.353     7.527   -18.105
     52.336     7.530   -18.111
     52.323     7.532   -18.115
     52.267     7.542   -18.135
     52.223     7.550   -18.151
     52.179     7.558   -18.167
     52.144     7.565   -18.179
     52.100     7.573   -18.195
     52.066     7.579   -18.207
     52.031     7.585   -18.219
     52.004     7.590   -18.229
     51.960     7.598   -18.244
     51.926     7.605   -18.257
     51.891     7.611   -18.269
     51.864     7.616   -18.279
     51.830     7.623   -18.291
     51.803     7.628   -18.301
     51.775     7.633   -18.310
     51.754     7.637   -18.318
     51.710     7.645   -18.334
     51.676     7.651   -18.346
     51.641     7.658   -18.358
     51.614     7.663   -18.368
     51.580     7.669   -18.380
     51.552     7.674   -18.390
     51.525     7.679   -18.399
     51.504     7.683   -18.407
     51.470     7.690   -18.419
     51.442     7.695   -18.429
     51.415     7.700   -18.439
     51.394     7.704   -18.446
     51.367     7.709   -18.456
     51.346     7.713   -18.463
     51.324     7.717   -18.471
     51.308     7.721   -18.477
     51.264     7.729   -18.493
     51.229     7.736   -18.505
     51.195     7.742   -18.517
     51.168     7.747   -18.527
     51.133     7.754   -18.539
     51.106     7.759   -18.549
     51.079     7.764   -18.558
     51.058     7.768   -18.566
     51.023     7.775   -18.578
     50.996     7.780   -18.588
     50.969     7.785   -18.597
     50.948     7.790   -18.605
     50.921     7.795   -18.615
     50.899     7.799   -18.622
     50.878     7.803   -18.630
     50.861     7.806   -18.636
     50.827     7.813   -18.648
     50.800     7.818   -18.658
     50.773     7.823   -18.667
     50.751     7.828   -18.675
     50.724     7.833   -18.684
     50.703     7.837   -18.692
     50.682     7.841   -18.700
     50.665     7.844   -18.705
     50.638     7.850   -18.715
     50.617     7.854   -18.723
     50.595     7.858   -18.730
     50.579     7.861   -18.736
     50.557     7.865   -18.744
     50.541     7.869   -18.750
     50.524     7.872   -18.756
     50.511     7.875   -18.760
     50.467     7.883   -18.776
     50.432     7.890   -18.788
     50.398     7.897   -18.800
     50.371     7.902   -18.810
     50.336     7.909   -18.822
     50.309     7.914   -18.832
     50.282     7.920   -18.841
     50.261     7.924   -18.849
     50.226     7.931   -18.861
     50.199     7.936   -18.871
     50.172     7.941   -18.880
     50.151     7.945   -18.888
     50.124     7.951   -18.898
     50.103     7.955   -18.905
     50.081     7.959   -18.913
     50.065     7.963   -18.919
     50.030     7.969   -18.931
     50.003     7.975   -18.940
     49.976     7.980   -18.950
     49.955     7.985   -18.957
     49.927     7.990   -18.967
     49.906     7.994   -18.975
     49.885     7.998   -18.982
     49.868     8.002   -18.988
     49.841     8.007   -18.998
     49.820     8.011   -19.005
     49.799     8.016   -19.013
     49.782     8.019   -19.019
     49.760     8.023   -19.026
     49.744     8.027   -19.032
     49.727     8.030   -19.038
     49.714     8.033   -19.043
     49.679     8.040   -19.055
     49.652     8.045   -19.064
     49.625     8.051   -19.074
     49.604     8.055   -19.081
     49.577     8.060   -19.091
     49.556     8.065   -19.099
     49.534     8.069   -19.106
     49.517     8.072   -19.112
     49.490     8.078   -19.122
     49.469     8.082   -19.129
     49.448     8.086   -19.137
     49.431     8.090   -19.142
     49.410     8.094   -19.150
     49.393     8.097   -19.156
     49.376     8.101   -19.162
     49.363     8.103   -19.166
     49.336     8.109   -19.176
     49.315     8.113   -19.183
     49.293     8.117   -19.191
     49.277     8.121   -19.197
     49.255     8.125   -19.204
     49.239     8.129   -19.210
     49.222     8.132   -19.216
     49.209     8.135   -19.221
     49.187     8.139   -19.228
     49.171     8.142   -19.234
     49.154     8.146   -19.240
     49.141     8.148   -19.245
     49.124     8.152   -19.251
     49.111     8.155   -19.255
     49.098     8.157   -19.260
     49.087     8.159   -19.263
     49.032     8.171   -19.283
     48.988     8.180   -19.299
     48.944     8.189   -19.314
     48.909     8.196   -19.326
     48.865     8.205   -19.341
     48.831     8.212   -19.354
     48.796     8.219   -19.366
     48.769     8.224   -19.375
     48.725     8.233   -19.391
     48.690     8.240   -19.403
     48.656     8.247   -19.415
     48.629     8.253   -19.424
     48.594     8.260   -19.436
     48.567     8.266   -19.446
     48.540     8.271   -19.455
     48.519     8.276   -19.463
     48.475     8.285   -19.478
     48.440     8.292   -19.490
     48.405     8.299   -19.502
     48.378     8.304   -19.512
     48.344     8.312   -19.524
     48.317     8.317   -19.533
     48.289     8.323   -19.543
     48.268     8.327   -19.550
     48.234     8.334   -19.562
     48.206     8.340   -19.572
     48.179     8.345   -19.581
     48.158     8.350   -19.589
     48.131     8.355   -19.598
     48.109     8.360   -19.605
     48.088     8.364   -19.613
     48.071     8.368   -19.619
     48.027     8.377   -19.634
     47.992     8.384   -19.646
     47.958     8.391   -19.658
     47.931     8.397   -19.667
     47.896     8.404   -19.679
     47.869     8.409   -19.689
     47.842     8.415   -19.698
     47.820     8.419   -19.706
     47.786     8.427   -19.718
     47.758     8.432   -19.727
     47.731     8.438   -19.736
     47.710     8.442   -19.744
     47.683     8.448   -19.753
     47.661     8.452   -19.761
     47.640     8.457   -19.768
     47.623     8.460   -19.774
     47.588     8.467   -19.786
     47.561     8.473   -19.795
     47.534     8.479   -19.805
     47.513     8.483   -19.812
     47.485     8.489   -19.821
     47.464     8.493   -19.829
     47.443     8.498   -19.836
     47.426     8.501   -19.842
     47.398     8.507   -19.851
     47.377     8.511   -19.859
     47.356     8.516   -19.866
     47.339     8.519   -19.872
     47.317     8.523   -19.879
     47.301     8.527   -19.885
     47.284     8.530   -19.891
     47.271     8.533   -19.895
     47.226     8.542   -19.910
     47.192     8.550   -19.922
     47.157     8.557   -19.934
     47.130     8.562   -19.943
     47.095     8.570   -19.955
     47.068     8.575   -19.965
     47.040     8.581   -19.974
     47.019     8.585   -19.981
     46.984     8.592   -19.993
     46.957     8.598   -20.003
     46.930     8.604   -20.012
     46.908     8.608   -20.019
     46.881     8.614   -20.028
     46.859     8.618   -20.036
     46.838     8.623   -20.043
     46.821     8.626   -20.049
     46.786     8.633   -20.061
     46.759     8.639   -20.070
     46.732     8.645   -20.079
     46.710     8.649   -20.087
     46.683     8.655   -20.096
     46.661     8.659   -20.103
     46.640     8.664   -20.110
     46.623     8.667   -20.116
     46.596     8.673   -20.125
     46.574     8.677   -20.133
     46.553     8.682   -20.140
     46.536     8.685   -20.146
     46.514     8.690   -20.153
     46.498     8.693   -20.159
     46.481     8.697   -20.164
     46.467     8.699   -20.169
     46.433     8.706   -20.181
     46.405     8.712   -20.190
     46.378     8.718   -20.199
     46.356     8.722   -20.206
     46.329     8.728   -20.216
     46.307     8.732   -20.223
     46.286     8.737   -20.230
     46.269     8.740   -20.236
     46.242     8.746   -20.245
     46.220     8.750   -20.252
     46.199     8.755   -20.260
     46.182     8.758   -20.265
     46.160     8.763   -20.272
     46.143     8.766   -20.278
     46.126     8.770   -20.284
     46.113     8.772   -20.288
     46.086     8.778   -20.297
     46.064     8.782   -20.305
     46.043     8.787   -20.312
     46.026     8.790   -20.318
     46.004     8.795   -20.325
     45.987     8.798   -20.330
     45.970     8.802   -20.336
     45.957     8.804   -20.341
     45.935     8.809   -20.348
     45.918     8.812   -20.353
     45.901     8.816   -20.359
     45.888     8.819   -20.364
     45.871     8.822   -20.369
     45.858     8.825   -20.374
     45.845     8.827   -20.378
     45.834     8.830   -20.382
     45.790     8.839   -20.396
     45.755     8.846   -20.408
     45.720     8.853   -20.420
     45.692     8.859   -20.429
     45.657     8.866   -20.440
     45.630     8.871   -20.450
     45.602     8.877   -20.459
     45.581     8.881   -20.466
     45.546     8.889   -20.477
     45.518     8.894   -20.487
     45.491     8.900   -20.496
     45.469     8.904   -20.503
     45.442     8.910   -20.512
     45.420     8.914   -20.519
     45.398     8.919   -20.526
     45.381     8.922   -20.532
     45.346     8.929   -20.543
     45.319     8.935   -20.552
     45.291     8.940   -20.561
     45.270     8.945   -20.569
     45.242     8.950   -20.578
     45.220     8.955   -20.585
     45.199     8.959   -20.592
     45.182     8.963   -20.597
     45.154     8.968   -20.607
     45.133     8.973   -20.614
     45.111     8.977   -20.621
     45.094     8.980   -20.626
     45.072     8.985   -20.633
     45.055     8.988   -20.639
     45.038     8.992   -20.645
     45.025     8.994   -20.649
     44.990     9.002   -20.660
     44.962     9.007   -20.669
     44.934     9.013   -20.678
     44.913     9.017   -20.685
     44.885     9.023   -20.694
     44.863     9.027   -20.702
     44.842     9.031   -20.709
     44.825     9.035   -20.714
     44.797     9.040   -20.723
     44.775     9.045   -20.730
     44.754     9.049   -20.737
     44.737     9.052   -20.743
     44.715     9.057   -20.750
     44.698     9.060   -20.755
     44.681     9.064   -20.761
     44.667     9.066   -20.765
     44.640     9.072   -20.774
     44.618     9.076   -20.781
     44.596     9.081   -20.788
     44.579     9.084   -20.794
     44.557     9.088   -20.801
     44.540     9.092   -20.806
     44.523     9.095   -20.812
     44.510     9.098   -20.816
     44.488     9.102   -20.823
     44.471     9.106   -20.829
     44.454     9.109   -20.834
     44.440     9.112   -20.838
     44.423     9.115   -20.844
     44.410     9.118   -20.848
     44.396     9.120   -20.853
     44.386     9.123   -20.856
     44.351     9.130   -20.867
     44.323     9.135   -20.876
     44.295     9.141   -20.885
     44.273     9.145   -20.892
     44.246     9.150   -20.901
     44.224     9.155   -20.908
     44.202     9.159   -20.915
     44.185     9.162   -20.920
     44.157     9.168   -20.929
     44.135     9.172   -20.936
     44.113     9.176   -20.943
     44.096     9.180   -20.949
     44.074     9.184   -20.956
     44.057     9.188   -20.961
     44.040     9.191   -20.966
     44.027     9.194   -20.971
     43.999     9.199   -20.980
     43.977     9.203   -20.986
     43.955     9.208   -20.993
     43.938     9.211   -20.999
     43.916     9.215   -21.006
     43.899     9.219   -21.011
     43.882     9.222   -21.017
     43.868     9.225   -21.021
     43.846     9.229   -21.028
     43.829     9.232   -21.033
     43.812     9.236   -21.039
     43.799     9.238   -21.043
     43.781     9.242   -21.048
     43.768     9.244   -21.053
     43.754     9.247   -21.057
     43.744     9.249   -21.060
     43.716     9.254   -21.069
     43.694     9.259   -21.076
     43.672     9.263   -21.083
     43.655     9.266   -21.088
     43.633     9.270   -21.095
     43.616     9.274   -21.100
     43.599     9.277   -21.106
     43.585     9.280   -21.110
     43.563     9.284   -21.117
     43.546     9.287   -21.122
     43.529     9.291   -21.128
     43.515     9.293   -21.132
     43.498     9.297   -21.137
     43.484     9.299   -21.141
     43.471     9.302   -21.146
     43.460     9.304   -21.149
     43.438     9.308   -21.156
     43.421     9.311   -21.161
     43.404     9.315   -21.167
     43.390     9.317   -21.171
     43.373     9.321   -21.176
     43.359     9.323   -21.180
     43.346     9.326   -21.185
     43.335     9.328   -21.188
     43.318     9.331   -21.193
     43.304     9.334   -21.197
     43.291     9.336   -21.202
     43.280     9.338   -21.205
     43.267     9.341   -21.209
     43.256     9.343   -21.212
     43.245     9.345   -21.216
     43.237     9.347   -21.218
     43.190     9.356   -21.233
     43.153     9.363   -21.244
     43.117     9.369   -21.255
     43.088     9.375   -21.264
     43.051     9.382   -21.276
     43.022     9.387   -21.284
     42.993     9.393   -21.293
     42.971     9.397   -21.300
     42.934     9.404   -21.312
     42.905     9.410   -21.320
     42.876     9.415   -21.329
     42.853     9.419   -21.336
     42.824     9.425   -21.345
     42.802     9.429   -21.352
     42.779     9.433   -21.359
     42.761     9.437   -21.364
     42.724     9.443   -21.376
     42.695     9.449   -21.384
     42.666     9.454   -21.393
     42.643     9.458   -21.400
     42.614     9.464   -21.409
     42.592     9.468   -21.416
     42.569     9.472   -21.423
     42.551     9.476   -21.428
     42.522     9.481   -21.437
     42.499     9.485   -21.444
     42.476     9.489   -21.450
     42.458     9.493   -21.456
     42.435     9.497   -21.463
     42.418     9.500   -21.468
     42.400     9.503   -21.473
     42.386     9.506   -21.478
     42.349     9.513   -21.489
     42.319     9.518   -21.497
     42.290     9.523   -21.506
     42.268     9.528   -21.513
     42.238     9.533   -21.522
     42.216     9.537   -21.528
     42.193     9.541   -21.535
     42.175     9.544   -21.540
     42.146     9.550   -21.549
     42.123     9.554   -21.556
     42.100     9.558   -21.563
     42.082     9.561   -21.568
     42.059     9.565   -21.575
     42.041     9.569   -21.580
     42.023     9.572   -21.585
     42.009     9.574   -21.590
     41.980     9.580   -21.598
     41.957     9.584   -21.605
     41.934     9.588   -21.612
     41.916     9.591   -21.617
     41.893     9.595   -21.624
     41.875     9.598   -21.629
     41.857     9.601   -21.634
     41.842     9.604   -21.638
     41.819     9.608   -21.645
     41.801     9.611   -21.650
     41.783     9.614   -21.656
     41.769     9.617   -21.660
     41.751     9.620   -21.665
     41.737     9.623   -21.669
     41.723     9.625   -21.673
     41.712     9.627   -21.677
     41.674     9.634   -21.687
     41.645     9.639   -21.696
     41.616     9.644   -21.704
     41.593     9.648   -21.711
     41.564     9.653   -21.720
     41.540     9.657   -21.726
     41.517     9.661   -21.733
     41.499     9.664   -21.738
     41.470     9.669   -21.747
     41.447     9.673   -21.753
     41.424     9.677   -21.760
     41.406     9.680   -21.765
     41.383     9.684   -21.772
     41.365     9.687   -21.777
     41.346     9.691   -21.782
     41.332     9.693   -21.786
     41.303     9.698   -21.794
     41.280     9.702   -21.801
     41.257     9.706   -21.808
     41.238     9.709   -21.813
     41.215     9.713   -21.819
     41.197     9.716   -21.825
     41.179     9.719   -21.830
     41.165     9.722   -21.834
     41.142     9.725   -21.840
     41.123     9.729   -21.845
     41.105     9.732   -21.851
     41.091     9.734   -21.855
     41.073     9.737   -21.860
     41.059     9.740   -21.864
     41.044     9.742   -21.868
     41.033     9.744   -21.871
     41.004     9.749   -21.879
     40.980     9.753   -21.886
     40.957     9.756   -21.892
     40.939     9.760   -21.897
     40.916     9.763   -21.904
     40.898     9.766   -21.909
     40.879     9.769   -21.914
     40.865     9.772   -21.918
     40.842     9.776   -21.925
     40.824     9.779   -21.930
     40.805     9.782   -21.935
     40.791     9.784   -21.939
     40.773     9.787   -21.944
     40.758     9.789   -21.948
     40.744     9.792   -21.952
     40.733     9.794   -21.955
     40.710     9.797   -21.961
     40.691     9.800   -21.966
     40.673     9.803   -21.971
     40.659     9.806   -21.975
     40.640     9.809   -21.981
     40.626     9.811   -21.984
     40.612     9.813   -21.988
     40.600     9.815   -21.992
     40.582     9.818   -21.997
     40.568     9.820   -22.001
     40.553     9.823   -22.004
     40.542     9.825   -22.008
     40.528     9.827   -22.012
     40.516     9.829   -22.015
     40.505     9.831   -22.018
     40.496     9.832   -22.020
     40.458     9.838   -22.031
     40.429     9.843   -22.039
     40.399     9.848   -22.047
     40.376     9.851   -22.053
     40.346     9.856   -22.061
     40.323     9.860   -22.067
     40.299     9.863   -22.074
     40.281     9.866   -22.079
     40.251     9.871   -22.087
     40.228     9.875   -22.093
     40.205     9.878   -22.099
     40.186     9.881   -22.104
     40.163     9.885   -22.111
     40.144     9.888   -22.116
     40.126     9.890   -22.121
     40.112     9.893   -22.124
     40.082     9.897   -22.132
     40.058     9.901   -22.139
     40.035     9.905   -22.145
     40.017     9.907   -22.150
     39.993     9.911   -22.156
     39.975     9.914   -22.161
     39.956     9.917   -22.166
     39.942     9.919   -22.170
     39.918     9.922   -22.176
     39.900     9.925   -22.181
     39.882     9.928   -22.186
     39.867     9.930   -22.190
     39.849     9.933   -22.195
     39.834     9.935   -22.198
     39.820     9.937   -22.202
     39.808     9.939   -22.205
     39.778     9.944   -22.213
     39.755     9.947   -22.219
     39.731     9.951   -22.225
     39.713     9.953   -22.230
     39.689     9.957   -22.236
     39.671     9.960   -22.241
     39.652     9.962   -22.246
     39.638     9.965   -22.250
     39.614     9.968   -22.256
     39.596     9.971   -22.261
     39.577     9.974   -22.266
     39.563     9.976   -22.269
     39.544     9.978   -22.274
     39.530     9.981   -22.278
     39.515     9.983   -22.282
     39.504     9.984   -22.285
     39.480     9.988   -22.291
     39.462     9.990   -22.296
     39.443     9.993   -22.300
     39.429     9.995   -22.304
     39.410     9.998   -22.309
     39.395    10.000   -22.313
     39.381    10.002   -22.316
     39.369    10.004   -22.319
     39.351    10.006   -22.324
     39.336    10.009   -22.328
     39.322    10.011   -22.332
     39.310    10.012   -22.335
     39.296    10.014   -22.338
     39.284    10.016   -22.341
     39.273    10.018   -22.344
     39.264    10.019   -22.346
     39.234    10.023   -22.354
     39.210    10.027   -22.360
     39.186    10.030   -22.366
     39.168    10.033   -22.371
     39.144    10.036   -22.377
     39.125    10.038   -22.382
     39.107    10.041   -22.386
     39.092    10.043   -22.390
     39.068    10.046   -22.396
     39.050    10.049   -22.401
     39.031    10.052   -22.405
     39.017    10.054   -22.409
     38.998    10.056   -22.414
     38.983    10.058   -22.417
     38.969    10.060   -22.421
     38.957    10.062   -22.424
     38.933    10.065   -22.430
     38.915    10.068   -22.434
     38.896    10.070   -22.439
     38.881    10.072   -22.443
     38.863    10.075   -22.447
     38.848    10.077   -22.451
     38.833    10.079   -22.455
     38.822    10.080   -22.458
     38.803    10.083   -22.462
     38.788    10.085   -22.466
     38.774    10.087   -22.469
     38.762    10.088   -22.472
     38.748    10.090   -22.476
     38.736    10.092   -22.479
     38.724    10.093   -22.482
     38.715    10.094   -22.484
     38.692    10.098   -22.490
     38.673    10.100   -22.494
     38.654    10.102   -22.499
     38.639    10.104   -22.502
     38.621    10.107   -22.507
     38.606    10.109   -22.511
     38.591    10.111   -22.514
     38.580    10.112   -22.517
     38.561    10.115   -22.522
     38.546    10.117   -22.525
     38.531    10.118   -22.529
     38.520    10.120   -22.532
     38.505    10.122   -22.535
     38.494    10.123   -22.538
     38.482    10.125   -22.541
     38.473    10.126   -22.543
     38.454    10.128   -22.547
     38.439    10.130   -22.551
     38.425    10.132   -22.555
     38.413    10.134   -22.557
     38.398    10.136   -22.561
     38.387    10.137   -22.564
     38.375    10.139   -22.567
     38.366    10.140   -22.569
     38.351    10.142   -22.572
     38.340    10.143   -22.575
     38.328    10.144   -22.578
     38.319    10.146   -22.580
     38.307    10.147   -22.583
     38.298    10.148   -22.585
     38.289    10.149   -22.587
     38.282    10.150   -22.589
     38.243    10.155   -22.598
     38.213    10.159   -22.605
     38.182    10.163   -22.613
     38.158    10.166   -22.618
     38.128    10.169   -22.625
     38.104    10.172   -22.631
     38.080    10.175   -22.637
     38.061    10.177   -22.641
     38.030    10.181   -22.648
     38.006    10.184   -22.654
     37.982    10.187   -22.659
     37.963    10.189   -22.664
     37.939    10.192   -22.669
     37.920    10.194   -22.674
     37.901    10.196   -22.678
     37.887    10.198   -22.682
     37.856    10.202   -22.689
     37.832    10.205   -22.694
     37.808    10.207   -22.700
     37.789    10.210   -22.704
     37.765    10.212   -22.710
     37.746    10.215   -22.714
     37.727    10.217   -22.718
     37.712    10.218   -22.722
     37.688    10.221   -22.727
     37.669    10.223   -22.732
     37.650    10.226   -22.736
     37.635    10.227   -22.739
     37.616    10.229   -22.744
     37.601    10.231   -22.747
     37.586    10.233   -22.750
     37.574    10.234   -22.753
     37.544    10.237   -22.760
     37.520    10.240   -22.765
     37.495    10.243   -22.771
     37.476    10.245   -22.775
     37.452    10.247   -22.780
     37.433    10.250   -22.785
     37.414    10.252   -22.789
     37.399    10.253   -22.792
     37.375    10.256   -22.798
     37.356    10.258   -22.802
     37.337    10.260   -22.806
     37.322    10.262   -22.809
     37.303    10.264   -22.813
     37.288    10.265   -22.817
     37.273    10.267   -22.820
     37.261    10.268   -22.823
     37.237    10.270   -22.828
     37.218    10.272   -22.832
     37.199    10.274   -22.836
     37.184    10.276   -22.840
     37.165    10.278   -22.844
     37.150    10.280   -22.847
     37.135    10.281   -22.850
     37.123    10.282   -22.853
     37.104    10.284   -22.857
     37.089    10.286   -22.860
     37.074    10.287   -22.863
     37.062    10.288   -22.866
     37.047    10.290   -22.869
     37.035    10.291   -22.872
     37.023    10.292   -22.874
     37.014    10.293   -22.876
     36.983    10.296   -22.883
     36.959    10.299   -22.888
     36.934    10.301   -22.893
     36.915    10.303   -22.897
     36.891    10.305   -22.903
     36.872    10.307   -22.907
     36.853    10.309   -22.911
     36.838    10.311   -22.914
     36.813    10.313   -22.919
     36.794    10.315   -22.923
     36.775    10.317   -22.927
     36.760    10.318   -22.930
     36.741    10.320   -22.934
     36.726    10.321   -22.938
     36.710    10.323   -22.941
     36.699    10.324   -22.943
     36.674    10.326   -22.948
     36.655    10.328   -22.952
     36.636    10.330   -22.956
     36.621    10.331   -22.959
     36.601    10.333   -22.963
     36.586    10.334   -22.966
     36.571    10.335   -22.970
     36.559    10.337   -22.972
     36.540    10.338   -22.976
     36.525    10.340   -22.979
     36.510    10.341   -22.982
     36.498    10.342   -22.985
     36.483    10.343   -22.988
     36.471    10.344   -22.990
     36.459    10.345   -22.993
     36.450    10.346   -22.995
     36.425    10.348   -22.999
     36.406    10.350   -23.003
     36.387    10.352   -23.007
     36.372    10.353   -23.010
     36.352    10.355   -23.014
     36.337    10.356   -23.017
     36.322    10.357   -23.020
     36.310    10.358   -23.023
     36.291    10.360   -23.027
     36.276    10.361   -23.030
     36.261    10.362   -23.033
     36.249    10.363   -23.035
     36.233    10.365   -23.038
     36.222    10.366   -23.040
     36.210    10.367   -23.043
     36.200    10.367   -23.045
     36.181    10.369   -23.049
     36.166    10.370   -23.052
     36.151    10.371   -23.055
     36.139    10.372   -23.057
     36.123    10.374   -23.060
     36.112    10.375   -23.062
     36.100    10.376   -23.065
     36.090    10.376   -23.066
     36.075    10.378   -23.069
     36.063    10.378   -23.072
     36.051    10.379   -23.074
     36.042    10.380   -23.076
     36.030    10.381   -23.078
     36.020    10.382   -23.080
     36.011    10.383   -23.082
     36.004    10.383   -23.083
     35.972    10.386   -23.089
     35.948    10.387   -23.094
     35.923    10.389   -23.099
     35.904    10.391   -23.103
     35.879    10.393   -23.107
     35.860    10.394   -23.111
     35.840    10.395   -23.115
     35.825    10.397   -23.118
     35.800    10.398   -23.123
     35.781    10.400   -23.126
     35.761    10.401   -23.130
     35.746    10.402   -23.133
     35.727    10.404   -23.136
     35.711    10.405   -23.139
     35.696    10.406   -23.142
     35.684    10.407   -23.144
     35.659    10.408   -23.149
     35.640    10.410   -23.153
     35.621    10.411   -23.156
     35.605    10.412   -23.159
     35.586    10.413   -23.163
     35.571    10.414   -23.166
     35.555    10.415   -23.169
     35.543    10.416   -23.171
     35.524    10.418   -23.174
     35.508    10.419   -23.177
     35.493    10.420   -23.180
     35.481    10.420   -23.182
     35.466    10.421   -23.185
     35.454    10.422   -23.187
     35.442    10.423   -23.189
     35.432    10.423   -23.191
     35.407    10.425   -23.196
     35.388    10.426   -23.199
     35.368    10.428   -23.203
     35.353    10.428   -23.205
     35.334    10.430   -23.209
     35.318    10.431   -23.212
     35.303    10.432   -23.215
     35.291    10.432   -23.217
     35.271    10.433   -23.220
     35.256    10.434   -23.223
     35.241    10.435   -23.226
     35.229    10.436   -23.228
     35.213    10.437   -23.231
     35.201    10.438   -23.233
     35.189    10.438   -23.235
     35.180    10.439   -23.237
     35.160    10.440   -23.240
     35.145    10.441   -23.243
     35.129    10.442   -23.245
     35.117    10.442   -23.248
     35.102    10.443   -23.250
     35.090    10.444   -23.252
     35.078    10.445   -23.254
     35.068    10.445   -23.256
     35.053    10.446   -23.259
     35.041    10.447   -23.261
     35.029    10.447   -23.263
     35.019    10.448   -23.265
     35.007    10.448   -23.267
     34.998    10.449   -23.268
     34.988    10.449   -23.270
     34.981    10.450   -23.271
     34.956    10.451   -23.276
     34.936    10.452   -23.279
     34.917    10.453   -23.282
     34.901    10.454   -23.285
     34.882    10.455   -23.288
     34.866    10.456   -23.291
     34.851    10.456   -23.294
     34.839    10.457   -23.296
     34.819    10.458   -23.299
     34.804    10.459   -23.302
     34.788    10.459   -23.304
     34.776    10.460   -23.306
     34.761    10.461   -23.309
     34.748    10.461   -23.311
     34.736    10.462   -23.313
     34.727    10.462   -23.314
     34.707    10.463   -23.318
     34.692    10.464   -23.320
     34.676    10.465   -23.323
     34.664    10.465   -23.325
     34.649    10.466   -23.327
     34.636    10.466   -23.329
     34.624    10.467   -23.331
     34.615    10.467   -23.333
     34.599    10.468   -23.336
     34.587    10.468   -23.338
     34.575    10.469   -23.340
     34.566    10.469   -23.341
     34.553    10.470   -23.343
     34.544    10.470   -23.345
     34.534    10.471   -23.346
     34.527    10.471   -23.347
     34.507    10.472   -23.351
     34.492    10.472   -23.353
     34.476    10.473   -23.356
     34.464    10.473   -23.358
     34.448    10.474   -23.360
     34.436    10.475   -23.362
     34.424    10.475   -23.364
     34.415    10.475   -23.365
     34.399    10.476   -23.368
     34.387    10.476   -23.370
     34.375    10.477   -23.372
     34.365    10.477   -23.373
     34.353    10.478   -23.375
     34.343    10.478   -23.377
     34.334    10.478   -23.378
     34.326    10.479   -23.379
     34.311    10.479   -23.382
     34.299    10.480   -23.384
     34.286    10.480   -23.386
     34.277    10.480   -23.387
     34.265    10.481   -23.389
     34.255    10.481   -23.391
     34.245    10.481   -23.392
     34.238    10.482   -23.393
     34.226    10.482   -23.395
     34.216    10.482   -23.397
     34.207    10.483   -23.398
     34.199    10.483   -23.399
     34.189    10.483   -23.401
     34.182    10.483   -23.402
     34.174    10.484   -23.403
     34.168    10.484   -23.404
     34.128    10.485   -23.410
     34.096    10.486   -23.415
     34.064    10.487   -23.420
     34.038    10.488   -23.424
     34.006    10.489   -23.429
     33.981    10.489   -23.433
     33.956    10.490   -23.436
     33.936    10.490   -23.439
     33.904    10.491   -23.444
     33.879    10.492   -23.448
     33.854    10.492   -23.451
     33.834    10.493   -23.454
     33.809    10.493   -23.458
     33.789    10.494   -23.461
     33.769    10.494   -23.464
     33.753    10.494   -23.466
     33.721    10.495   -23.471
     33.696    10.495   -23.474
     33.670    10.496   -23.478
     33.651    10.496   -23.481
     33.625    10.497   -23.484
     33.605    10.497   -23.487
     33.586    10.497   -23.490
     33.570    10.497   -23.492
     33.545    10.498   -23.496
     33.525    10.498   -23.498
     33.505    10.498   -23.501
     33.489    10.499   -23.503
     33.469    10.499   -23.506
     33.454    10.499   -23.508
     33.438    10.499   -23.510
     33.426    10.499   -23.512
     33.393    10.500   -23.516
     33.368    10.500   -23.520
     33.343    10.500   -23.523
     33.323    10.500   -23.526
     33.297    10.500   -23.529
     33.277    10.500   -23.532
     33.258    10.501   -23.535
     33.242    10.501   -23.537
     33.216    10.501   -23.540
     33.196    10.501   -23.543
     33.177    10.501   -23.545
     33.161    10.501   -23.547
     33.141    10.501   -23.550
     33.125    10.501   -23.552
     33.109    10.501   -23.554
     33.097    10.501   -23.556
     33.072    10.501   -23.559
     33.052    10.501   -23.561
     33.032    10.501   -23.564
     33.016    10.501   -23.566
     32.996    10.501   -23.568
     32.980    10.501   -23.570
     32.965    10.501   -23.572
     32.952    10.501   -23.574
     32.932    10.501   -23.576
     32.916    10.501   -23.578
     32.901    10.501   -23.580
     32.888    10.500   -23.582
     32.873    10.500   -23.584
     32.860    10.500   -23.585
     32.848    10.500   -23.587
     32.838    10.500   -23.588
     32.806    10.500   -23.592
     32.780    10.500   -23.595
     32.755    10.499   -23.598
     32.735    10.499   -23.600
     32.709    10.499   -23.603
     32.689    10.499   -23.606
     32.669    10.498   -23.608
     32.653    10.498   -23.610
     32.628    10.498   -23.613
     32.608    10.498   -23.615
     32.588    10.497   -23.618
     32.572    10.497   -23.619
     32.552    10.497   -23.622
     32.536    10.497   -23.624
     32.520    10.496   -23.625
     32.508    10.496   -23.627
     32.482    10.496   -23.630
     32.462    10.495   -23.632
     32.442    10.495   -23.634
     32.426    10.495   -23.636
     32.406    10.494   -23.638
     32.390    10.494   -23.640
     32.375    10.494   -23.642
     32.362    10.493   -23.643
     32.342    10.493   -23.645
     32.326    10.492   -23.647
     32.311    10.492   -23.649
     32.298    10.492   -23.650
     32.282    10.491   -23.652
     32.270    10.491   -23.653
     32.257    10.491   -23.654
     32.248    10.491   -23.655
     32.222    10.490   -23.658
     32.202    10.489   -23.660
     32.182    10.489   -23.662
     32.166    10.488   -23.664
     32.146    10.488   -23.666
     32.130    10.487   -23.668
     32.114    10.487   -23.669
     32.102    10.487   -23.671
     32.082    10.486   -23.673
     32.066    10.485   -23.674
     32.050    10.485   -23.676
     32.038    10.485   -23.677
     32.022    10.484   -23.679
     32.009    10.484   -23.680
     31.997    10.483   -23.681
     31.987    10.483   -23.682
     31.967    10.482   -23.684
     31.951    10.482   -23.686
     31.935    10.481   -23.687
     31.923    10.481   -23.689
     31.907    10.480   -23.690
     31.894    10.480   -23.691
     31.882    10.479   -23.693
     31.872    10.479   -23.694
     31.856    10.478   -23.695
     31.844    10.478   -23.696
     31.831    10.477   -23.698
     31.822    10.477   -23.698
     31.809    10.476   -23.700
     31.799    10.476   -23.701
     31.789    10.476   -23.702
     31.782    10.475   -23.702
     31.749    10.474   -23.705
     31.723    10.473   -23.708
     31.698    10.472   -23.710
     31.677    10.471   -23.712
     31.652    10.470   -23.714
     31.631    10.469   -23.716
     31.611    10.468   -23.718
     31.595    10.467   -23.719
     31.570    10.466   -23.722
     31.549    10.465   -23.723
     31.529    10.464   -23.725
     31.513    10.463   -23.727
     31.493    10.462   -23.728
     31.477    10.461   -23.730
     31.461    10.461   -23.731
     31.449    10.460   -23.732
     31.423    10.459   -23.734
     31.403    10.458   -23.736
     31.382    10.457   -23.738
     31.367    10.456   -23.739
     31.346    10.455   -23.741
     31.330    10.454   -23.742
     31.314    10.453   -23.743
     31.302    10.452   -23.744
     31.282    10.451   -23.746
     31.266    10.450   -23.747
     31.250    10.449   -23.749
     31.237    10.448   -23.750
     31.221    10.447   -23.751
     31.209    10.447   -23.752
     31.196    10.446   -23.753
     31.187    10.445   -23.754
     31.161    10.444   -23.756
     31.140    10.443   -23.757
     31.120    10.441   -23.759
     31.104    10.440   -23.760
     31.084    10.439   -23.761
     31.068    10.438   -23.763
     31.052    10.437   -23.764
     31.040    10.436   -23.765
     31.019    10.435   -23.766
     31.003    10.434   -23.767
     30.987    10.433   -23.769
     30.975    10.432   -23.770
     30.959    10.431   -23.771
     30.946    10.430   -23.772
     30.934    10.429   -23.772
     30.924    10.428   -23.773
     30.904    10.427   -23.775
     30.888    10.426   -23.776
     30.872    10.425   -23.777
     30.859    10.424   -23.778
     30.843    10.423   -23.779
     30.831    10.422   -23.780
     30.818    10.421   -23.781
     30.808    10.420   -23.781
     30.792    10.419   -23.782
     30.780    10.418   -23.783
     30.767    10.417   -23.784
     30.757    10.416   -23.785
     30.745    10.415   -23.785
     30.735    10.415   -23.786
     30.725    10.414   -23.787
     30.717    10.413   -23.787
     30.691    10.411   -23.789
     30.671    10.410   -23.790
     30.651    10.408   -23.791
     30.635    10.407   -23.792
     30.615    10.405   -23.794
     30.599    10.404   -23.795
     30.583    10.403   -23.796
     30.570    10.402   -23.797
     30.550    10.400   -23.798
     30.534    10.399   -23.799
     30.518    10.397   -23.800
     30.505    10.396   -23.800
     30.489    10.395   -23.801
     30.477    10.394   -23.802
     30.464    10.393   -23.803
     30.454    10.392   -23.803
     30.434    10.390   -23.805
     30.418    10.389   -23.805
     30.402    10.388   -23.806
     30.389    10.386   -23.807
     30.373    10.385   -23.808
     30.361    10.384   -23.809
     30.348    10.383   -23.809
     30.338    10.382   -23.810
     30.322    10.380   -23.811
     30.310    10.379   -23.811
     30.297    10.378   -23.812
     30.287    10.377   -23.813
     30.275    10.376   -23.813
     30.265    10.375   -23.814
     30.255    10.374   -23.814
     30.247    10.374   -23.815
     30.227    10.372   -23.816
     30.211    10.370   -23.817
     30.195    10.369   -23.817
     30.182    10.367   -23.818
     30.166    10.366   -23.819
     30.154    10.365   -23.819
     30.141    10.364   -23.820
     30.131    10.363   -23.820
     30.115    10.361   -23.821
     30.102    10.360   -23.822
     30.090    10.359   -23.822
     30.080    10.358   -23.823
     30.067    10.356   -23.823
     30.058    10.355   -23.824
     30.048    10.354   -23.824
     30.040    10.354   -23.825
     30.024    10.352   -23.825
     30.011    10.351   -23.826
     29.999    10.349   -23.827
     29.989    10.348   -23.827
     29.976    10.347   -23.828
     29.966    10.346   -23.828
     29.956    10.345   -23.828
     29.949    10.344   -23.829
     29.936    10.343   -23.829
     29.926    10.342   -23.830
     29.916    10.341   -23.830
     29.908    10.340   -23.830
     29.899    10.339   -23.831
     29.891    10.338   -23.831
     29.883    10.337   -23.832
     29.877    10.337   -23.832
     29.844    10.333   -23.833
     29.818    10.330   -23.834
     29.792    10.328   -23.835
     29.772    10.325   -23.836
     29.746    10.322   -23.837
     29.725    10.320   -23.838
     29.705    10.318   -23.838
     29.689    10.316   -23.839
     29.663    10.313   -23.840
     29.642    10.311   -23.840
     29.622    10.308   -23.841
     29.606    10.306   -23.842
     29.586    10.304   -23.842
     29.569    10.302   -23.843
     29.553    10.300   -23.843
     29.541    10.299   -23.844
     29.515    10.296   -23.845
     29.494    10.293   -23.845
     29.474    10.291   -23.846
     29.458    10.289   -23.846
     29.438    10.286   -23.847
     29.422    10.284   -23.847
     29.405    10.282   -23.848
     29.393    10.281   -23.848
     29.372    10.278   -23.849
     29.356    10.276   -23.849
     29.340    10.274   -23.849
     29.328    10.273   -23.850
     29.312    10.271   -23.850
     29.299    10.269   -23.850
     29.286    10.267   -23.851
     29.277    10.266   -23.851
     29.251    10.263   -23.851
     29.230    10.260   -23.852
     29.210    10.257   -23.852
     29.194    10.255   -23.853
     29.173    10.253   -23.853
     29.157    10.250   -23.853
     29.141    10.248   -23.854
     29.129    10.247   -23.854
     29.108    10.244   -23.854
     29.092    10.242   -23.855
     29.076    10.239   -23.855
     29.063    10.238   -23.855
     29.047    10.235   -23.855
     29.035    10.234   -23.855
     29.022    10.232   -23.856
     29.012    10.231   -23.856
     28.992    10.228   -23.856
     28.976    10.225   -23.856
     28.960    10.223   -23.857
     28.947    10.221   -23.857
     28.931    10.219   -23.857
     28.918    10.217   -23.857
     28.906    10.216   -23.857
     28.896    10.214   -23.857
     28.880    10.212   -23.857
     28.867    10.210   -23.858
     28.855    10.208   -23.858
     28.845    10.207   -23.858
     28.832    10.205   -23.858
     28.822    10.203   -23.858
     28.812    10.202   -23.858
     28.804    10.201   -23.858
     28.778    10.197   -23.858
     28.758    10.194   -23.859
     28.738    10.191   -23.859
     28.722    10.188   -23.859
     28.701    10.185   -23.859
     28.685    10.183   -23.859
     28.669    10.180   -23.859
     28.656    10.179   -23.859
     28.636    10.175   -23.859
     28.620    10.173   -23.859
     28.604    10.170   -23.859
     28.591    10.168   -23.859
     28.575    10.166   -23.859
     28.563    10.164   -23.859
     28.550    10.162   -23.859
     28.540    10.160   -23.859
     28.520    10.157   -23.859
     28.504    10.155   -23.859
     28.487    10.152   -23.859
     28.475    10.150   -23.859
     28.459    10.148   -23.859
     28.446    10.145   -23.859
     28.434    10.143   -23.859
     28.424    10.142   -23.859
     28.408    10.139   -23.859
     28.395    10.137   -23.859
     28.382    10.135   -23.859
     28.372    10.133   -23.859
     28.360    10.131   -23.859
     28.350    10.130   -23.859
     28.340    10.128   -23.859
     28.332    10.127   -23.859
     28.312    10.123   -23.858
     28.296    10.121   -23.858
     28.280    10.118   -23.858
     28.267    10.116   -23.858
     28.251    10.113   -23.858
     28.238    10.111   -23.858
     28.226    10.109   -23.858
     28.216    10.107   -23.858
     28.200    10.104   -23.857
     28.187    10.102   -23.857
     28.175    10.100   -23.857
     28.165    10.098   -23.857
     28.152    10.096   -23.857
     28.142    10.094   -23.857
     28.132    10.093   -23.857
     28.125    10.091   -23.856
     28.109    10.089   -23.856
     28.096    10.086   -23.856
     28.083    10.084   -23.856
     28.073    10.082   -23.856
     28.061    10.080   -23.856
     28.051    10.078   -23.855
     28.041    10.077   -23.855
     28.033    10.075   -23.855
     28.021    10.073   -23.855
     28.011    10.071   -23.855
     28.001    10.069   -23.855
     27.993    10.068   -23.854
     27.983    10.066   -23.854
     27.975    10.065   -23.854
     27.968    10.063   -23.854
     27.961    10.062   -23.854
     27.935    10.058   -23.853
     27.915    10.054   -23.853
     27.895    10.050   -23.853
     27.879    10.047   -23.852
     27.858    10.043   -23.852
     27.842    10.040   -23.851
     27.826    10.037   -23.851
     27.813    10.035   -23.851
     27.793    10.031   -23.850
     27.777    10.028   -23.850
     27.761    10.025   -23.849
     27.748    10.023   -23.849
     27.732    10.020   -23.849
     27.720    10.017   -23.848
     27.707    10.015   -23.848
     27.697    10.013   -23.848
     27.677    10.009   -23.847
     27.661    10.006   -23.847
     27.645    10.003   -23.846
     27.632    10.000   -23.846
     27.616     9.997   -23.845
     27.604     9.995   -23.845
     27.591     9.992   -23.845
     27.581     9.990   -23.844
     27.565     9.987   -23.844
     27.553     9.985   -23.843
     27.540     9.982   -23.843
     27.530     9.980   -23.843
     27.517     9.978   -23.842
     27.508     9.976   -23.842
     27.498     9.974   -23.842
     27.490     9.972   -23.841
     27.470     9.968   -23.841
     27.454     9.965   -23.840
     27.438     9.962   -23.840
     27.425     9.959   -23.839
     27.409     9.956   -23.839
     27.396     9.953   -23.838
     27.384     9.951   -23.838
     27.374     9.949   -23.837
     27.358     9.945   -23.837
     27.345     9.943   -23.836
     27.333     9.940   -23.836
     27.323     9.938   -23.835
     27.310     9.935   -23.835
     27.300     9.933   -23.834
     27.290     9.931   -23.834
     27.283     9.930   -23.834
     27.267     9.926   -23.833
     27.254     9.924   -23.832
     27.242     9.921   -23.832
     27.232     9.919   -23.832
     27.219     9.916   -23.831
     27.209     9.914   -23.831
     27.199     9.912   -23.830
     27.192     9.910   -23.830
     27.179     9.908   -23.829
     27.169     9.906   -23.829
     27.159     9.903   -23.828
     27.152     9.902   -23.828
     27.142     9.900   -23.828
     27.134     9.898   -23.827
     27.126     9.896   -23.827
     27.120     9.895   -23.827
     27.100     9.890   -23.826
     27.084     9.887   -23.825
     27.068     9.884   -23.824
     27.055     9.881   -23.823
     27.039     9.877   -23.823
     27.027     9.874   -23.822
     27.014     9.872   -23.821
     27.004     9.869   -23.821
     26.988     9.866   -23.820
     26.976     9.863   -23.820
     26.963     9.860   -23.819
     26.953     9.858   -23.818
     26.941     9.855   -23.818
     26.931     9.853   -23.817
     26.921     9.851   -23.817
     26.913     9.849   -23.816
     26.897     9.846   -23.815
     26.885     9.843   -23.815
     26.872     9.840   -23.814
     26.862     9.838   -23.813
     26.850     9.835   -23.813
     26.840     9.832   -23.812
     26.830     9.830   -23.812
     26.822     9.828   -23.811
     26.810     9.826   -23.811
     26.800     9.823   -23.810
     26.790     9.821   -23.809
     26.782     9.819   -23.809
     26.772     9.817   -23.808
     26.765     9.815   -23.808
     26.757     9.813   -23.807
     26.751     9.812   -23.807
     26.735     9.808   -23.806
     26.722     9.805   -23.805
     26.710     9.802   -23.805
     26.700     9.800   -23.804
     26.687     9.797   -23.803
     26.678     9.795   -23.803
     26.668     9.792   -23.802
     26.660     9.791   -23.802
     26.647     9.788   -23.801
     26.638     9.785   -23.800
     26.628     9.783   -23.800
     26.620     9.781   -23.799
     26.610     9.779   -23.799
     26.602     9.777   -23.798
     26.595     9.775   -23.798
     26.589     9.773   -23.797
     26.576     9.770   -23.796
     26.566     9.768   -23.796
     26.556     9.766   -23.795
     26.549     9.764   -23.795
     26.539     9.761   -23.794
     26.531     9.760   -23.793
     26.523     9.758   -23.793
     26.517     9.756   -23.792
     26.508     9.754   -23.792
     26.500     9.752   -23.791
     26.492     9.750   -23.791
     26.486     9.749   -23.790
     26.478     9.747   -23.790
     26.472     9.745   -23.789
     26.466     9.744   -23.789
     26.461     9.743   -23.789
     26.408     9.729   -23.785
     26.366     9.719   -23.782
     26.325     9.708   -23.779
     26.292     9.700   -23.776
     26.250     9.690   -23.773
     26.217     9.681   -23.771
     26.185     9.673   -23.768
     26.159     9.666   -23.766
     26.117     9.655   -23.763
     26.084     9.647   -23.760
     26.052     9.638   -23.757
     26.026     9.631   -23.755
     25.993     9.622   -23.752
     25.967     9.615   -23.750
     25.942     9.609   -23.748
     25.922     9.603   -23.746
     25.880     9.592   -23.743
     25.847     9.583   -23.740
     25.815     9.574   -23.737
     25.789     9.567   -23.734
     25.756     9.558   -23.731
     25.731     9.551   -23.729
     25.705     9.543   -23.726
     25.685     9.538   -23.724
     25.652     9.529   -23.721
     25.627     9.521   -23.719
     25.601     9.514   -23.716
     25.581     9.508   -23.714
     25.555     9.501   -23.712
     25.535     9.495   -23.710
     25.515     9.489   -23.708
     25.499     9.485   -23.706
     25.458     9.473   -23.702
     25.425     9.463   -23.698
     25.393     9.454   -23.695
     25.367     9.446   -23.692
     25.335     9.436   -23.689
     25.309     9.429   -23.686
     25.284     9.421   -23.683
     25.264     9.415   -23.681
     25.231     9.405   -23.677
     25.206     9.397   -23.674
     25.180     9.390   -23.671
     25.160     9.384   -23.669
     25.135     9.376   -23.666
     25.115     9.370   -23.664
     25.095     9.363   -23.661
     25.079     9.359   -23.659
     25.047     9.348   -23.656
     25.021     9.340   -23.652
     24.996     9.332   -23.649
     24.976     9.326   -23.647
     24.950     9.318   -23.644
     24.930     9.312   -23.641
     24.910     9.305   -23.639
     24.895     9.300   -23.637
     24.869     9.292   -23.634
     24.849     9.286   -23.631
     24.829     9.280   -23.629
     24.814     9.274   -23.627
     24.794     9.268   -23.624
     24.778     9.263   -23.622
     24.762     9.258   -23.620
     24.750     9.254   -23.618
     24.709     9.240   -23.613
     24.677     9.230   -23.609
     24.645     9.219   -23.604
     24.619     9.211   -23.601
     24.587     9.200   -23.597
     24.562     9.192   -23.593
     24.536     9.183   -23.590
     24.517     9.176   -23.587
     24.484     9.165   -23.582
     24.459     9.157   -23.579
     24.434     9.148   -23.575
     24.414     9.141   -23.572
     24.389     9.133   -23.569
     24.369     9.126   -23.566
     24.349     9.119   -23.563
     24.334     9.114   -23.561
     24.302     9.103   -23.556
     24.276     9.094   -23.552
     24.251     9.085   -23.549
     24.231     9.078   -23.546
     24.206     9.069   -23.542
     24.186     9.062   -23.539
     24.167     9.055   -23.536
     24.151     9.050   -23.533
     24.126     9.041   -23.530
     24.106     9.034   -23.527
     24.087     9.026   -23.523
     24.071     9.021   -23.521
     24.051     9.014   -23.518
     24.036     9.008   -23.516
     24.020     9.003   -23.513
     24.008     8.998   -23.511
     23.976     8.987   -23.506
     23.951     8.977   -23.502
     23.926     8.968   -23.498
     23.906     8.961   -23.495
     23.881     8.952   -23.491
     23.862     8.944   -23.487
     23.842     8.937   -23.484
     23.827     8.931   -23.482
     23.802     8.922   -23.477
     23.782     8.915   -23.474
     23.762     8.907   -23.471
     23.747     8.901   -23.468
     23.727     8.894   -23.465
     23.712     8.888   -23.462
     23.697     8.882   -23.460
     23.684     8.878   -23.458
     23.659     8.868   -23.453
     23.640     8.861   -23.450
     23.620     8.853   -23.447
     23.605     8.847   -23.444
     23.585     8.840   -23.440
     23.570     8.834   -23.438
     23.555     8.828   -23.435
     23.543     8.823   -23.433
     23.523     8.816   -23.429
     23.508     8.810   -23.427
     23.492     8.804   -23.424
     23.480     8.799   -23.422
     23.465     8.793   -23.419
     23.453     8.788   -23.417
     23.441     8.784   -23.415
     23.431     8.780   -23.413
     23.391     8.764   -23.406
     23.359     8.752   -23.400
     23.328     8.739   -23.394
     23.303     8.729   -23.389
     23.272     8.717   -23.384
     23.247     8.707   -23.379
     23.222     8.697   -23.374
     23.203     8.689   -23.370
     23.171     8.676   -23.364
     23.146     8.666   -23.360
     23.122     8.656   -23.355
     23.102     8.648   -23.351
     23.078     8.638   -23.346
     23.058     8.630   -23.343
     23.039     8.622   -23.339
     23.024     8.615   -23.336
     22.992     8.602   -23.330
     22.968     8.592   -23.325
     22.943     8.582   -23.320
     22.924     8.574   -23.316
     22.899     8.563   -23.311
     22.880     8.555   -23.307
     22.861     8.547   -23.303
     22.845     8.541   -23.300
     22.821     8.530   -23.295
     22.801     8.522   -23.291
     22.782     8.514   -23.287
     22.767     8.507   -23.284
     22.748     8.499   -23.280
     22.733     8.493   -23.277
     22.718     8.486   -23.273
     22.706     8.481   -23.271
     22.674     8.467   -23.264
     22.650     8.457   -23.259
     22.626     8.446   -23.254
     22.606     8.438   -23.250
     22.582     8.427   -23.245
     22.563     8.419   -23.240
     22.544     8.410   -23.236
     22.528     8.404   -23.233
     22.504     8.393   -23.228
     22.485     8.384   -23.223
     22.466     8.376   -23.219
     22.451     8.369   -23.216
     22.432     8.361   -23.212
     22.417     8.354   -23.208
     22.402     8.347   -23.205
     22.390     8.342   -23.202
     22.365     8.331   -23.197
     22.346     8.322   -23.193
     22.327     8.314   -23.188
     22.312     8.307   -23.185
     22.293     8.298   -23.181
     22.278     8.291   -23.177
     22.263     8.285   -23.174
     22.251     8.279   -23.171
     22.232     8.271   -23.167
     22.217     8.264   -23.163
     22.202     8.257   -23.160
     22.191     8.251   -23.157
     22.176     8.245   -23.154
     22.164     8.239   -23.151
     22.152     8.234   -23.148
     22.143     8.229   -23.146
     22.112     8.215   -23.139
     22.088     8.204   -23.133
     22.064     8.193   -23.127
     22.045     8.184   -23.123
     22.021     8.172   -23.117
     22.002     8.164   -23.113
     21.983     8.155   -23.108
     21.968     8.148   -23.104
     21.944     8.136   -23.099
     21.925     8.127   -23.094
     21.906     8.118   -23.089
     21.891     8.111   -23.086
     21.872     8.102   -23.081
     21.857     8.095   -23.078
     21.843     8.088   -23.074
     21.831     8.082   -23.071
     21.807     8.071   -23.065
     21.788     8.062   -23.060
     21.769     8.053   -23.056
     21.754     8.046   -23.052
     21.736     8.036   -23.047
     21.721     8.029   -23.044
     21.706     8.022   -23.040
     21.694     8.016   -23.037
     21.676     8.007   -23.032
     21.661     8.000   -23.028
     21.646     7.993   -23.025
     21.634     7.987   -23.022
     21.620     7.980   -23.018
     21.608     7.974   -23.015
     21.597     7.968   -23.012
     21.587     7.964   -23.010
     21.564     7.952   -23.003
     21.545     7.943   -22.999
     21.526     7.933   -22.994
     21.511     7.926   -22.990
     21.493     7.917   -22.985
     21.478     7.909   -22.981
     21.463     7.902   -22.977
     21.452     7.896   -22.974
     21.433     7.887   -22.969
     21.418     7.880   -22.966
     21.404     7.872   -22.962
     21.392     7.866   -22.959
     21.377     7.859   -22.955
     21.366     7.853   -22.952
     21.354     7.847   -22.949
     21.345     7.843   -22.946
     21.327     7.833   -22.941
     21.312     7.826   -22.937
     21.297     7.818   -22.933
     21.286     7.812   -22.930
     21.271     7.805   -22.926
     21.260     7.799   -22.923
     21.248     7.793   -22.920
     21.239     7.788   -22.918
     21.225     7.781   -22.914
     21.213     7.775   -22.910
     21.202     7.769   -22.907
     21.193     7.764   -22.905
     21.181     7.759   -22.902
     21.172     7.754   -22.899
     21.163     7.749   -22.897
     21.156     7.746   -22.895
     21.118     7.726   -22.884
     21.088     7.710   -22.876
     21.058     7.694   -22.867
     21.034     7.682   -22.861
     21.004     7.666   -22.852
     20.981     7.654   -22.846
     20.957     7.641   -22.839
     20.939     7.632   -22.834
     20.909     7.616   -22.825
     20.885     7.603   -22.819
     20.862     7.591   -22.812
     20.844     7.581   -22.807
     20.820     7.568   -22.800
     20.802     7.558   -22.794
     20.783     7.548   -22.789
     20.769     7.540   -22.785
     20.739     7.524   -22.776
     20.716     7.512   -22.769
     20.692     7.499   -22.762
     20.674     7.489   -22.757
     20.651     7.476   -22.750
     20.633     7.466   -22.744
     20.614     7.456   -22.739
     20.600     7.448   -22.735
     20.577     7.435   -22.728
     20.558     7.425   -22.722
     20.540     7.415   -22.717
     20.526     7.407   -22.712
     20.507     7.397   -22.707
     20.493     7.389   -22.702
     20.479     7.381   -22.698
     20.468     7.375   -22.695
     20.438     7.358   -22.686
     20.415     7.345   -22.678
     20.392     7.332   -22.671
     20.374     7.322   -22.666
     20.350     7.309   -22.659
     20.332     7.299   -22.653
     20.314     7.288   -22.647
     20.300     7.280   -22.643
     20.277     7.267   -22.636
     20.259     7.257   -22.630
     20.241     7.246   -22.624
     20.226     7.238   -22.620
     20.208     7.228   -22.614
     20.194     7.220   -22.609
     20.180     7.211   -22.605
     20.169     7.205   -22.601
     20.146     7.192   -22.594
     20.128     7.181   -22.588
     20.110     7.171   -22.582
     20.096     7.163   -22.578
     20.078     7.152   -22.572
     20.063     7.144   -22.567
     20.049     7.136   -22.563
     20.038     7.129   -22.559
     20.020     7.119   -22.553
     20.006     7.110   -22.549
     19.992     7.102   -22.544
     19.981     7.095   -22.540
     19.967     7.087   -22.536
     19.956     7.081   -22.532
     19.945     7.074   -22.529
     19.936     7.069   -22.526
     19.907     7.052   -22.516
     19.884     7.038   -22.509
     19.861     7.025   -22.501
     19.843     7.014   -22.495
     19.821     7.000   -22.487
     19.803     6.990   -22.481
     19.785     6.979   -22.475
     19.771     6.971   -22.471
     19.748     6.957   -22.463
     19.730     6.946   -22.457
     19.712     6.935   -22.451
     19.698     6.927   -22.446
     19.681     6.916   -22.440
     19.667     6.908   -22.435
     19.653     6.899   -22.431
     19.642     6.892   -22.427
     19.619     6.879   -22.419
     19.601     6.868   -22.413
     19.584     6.857   -22.407
     19.570     6.848   -22.402
     19.552     6.837   -22.396
     19.538     6.829   -22.391
     19.524     6.820   -22.386
     19.513     6.813   -22.382
     19.495     6.803   -22.376
     19.481     6.794   -22.371
     19.468     6.785   -22.366
     19.457     6.779   -22.362
     19.443     6.770   -22.358
     19.432     6.763   -22.354
     19.421     6.756   -22.350
     19.412     6.751   -22.347
     19.390     6.737   -22.339
     19.372     6.726   -22.333
     19.355     6.715   -22.326
     19.341     6.706   -22.321
     19.323     6.695   -22.315
     19.309     6.686   -22.310
     19.296     6.678   -22.305
     19.285     6.671   -22.301
     19.267     6.660   -22.295
     19.253     6.651   -22.290
     19.239     6.642   -22.285
     19.229     6.635   -22.281
     19.215     6.627   -22.276
     19.204     6.620   -22.272
     19.193     6.613   -22.268
     19.185     6.607   -22.265
     19.167     6.596   -22.259
     19.153     6.587   -22.254
     19.140     6.579   -22.249
     19.129     6.572   -22.245
     19.115     6.563   -22.240
     19.104     6.556   -22.236
     19.094     6.549   -22.232
     19.085     6.544   -22.229
     19.071     6.535   -22.224
     19.061     6.528   -22.220
     19.050     6.521   -22.216
     19.041     6.515   -22.212
     19.031     6.508   -22.208
     19.022     6.503   -22.205
     19.014     6.497   -22.202
     19.007     6.493   -22.200
     18.979     6.475   -22.189
     18.957     6.460   -22.181
     18.934     6.446   -22.173
     18.917     6.434   -22.166
     18.895     6.420   -22.158
     18.878     6.409   -22.151
     18.860     6.397   -22.144
     18.847     6.388   -22.139
     18.825     6.374   -22.131
     18.807     6.362   -22.124
     18.790     6.351   -22.118
     18.776     6.342   -22.112
     18.759     6.330   -22.106
     18.745     6.321   -22.101
     18.732     6.312   -22.095
     18.721     6.305   -22.091
     18.699     6.290   -22.083
     18.682     6.279   -22.076
     18.665     6.267   -22.069
     18.651     6.258   -22.064
     18.634     6.246   -22.057
     18.621     6.237   -22.052
     18.607     6.228   -22.047
     18.596     6.221   -22.043
     18.579     6.209   -22.036
     18.566     6.200   -22.031
     18.552     6.191   -22.025
     18.542     6.184   -22.021
     18.528     6.175   -22.016
     18.518     6.168   -22.012
     18.507     6.160   -22.007
     18.499     6.155   -22.004
     18.477     6.140   -21.995
     18.460     6.128   -21.989
     18.443     6.116   -21.982
     18.429     6.107   -21.976
     18.412     6.095   -21.970
     18.399     6.086   -21.964
     18.385     6.077   -21.959
     18.375     6.070   -21.955
     18.358     6.058   -21.948
     18.344     6.049   -21.942
     18.331     6.039   -21.937
     18.320     6.032   -21.933
     18.307     6.023   -21.927
     18.296     6.016   -21.923
     18.286     6.008   -21.919
     18.278     6.002   -21.915
     18.261     5.991   -21.908
     18.247     5.981   -21.903
     18.234     5.972   -21.897
     18.224     5.965   -21.893
     18.210     5.955   -21.888
     18.200     5.948   -21.883
     18.189     5.941   -21.879
     18.181     5.935   -21.876
     18.168     5.925   -21.870
     18.157     5.918   -21.866
     18.147     5.911   -21.862
     18.139     5.905   -21.858
     18.128     5.898   -21.854
     18.120     5.892   -21.850
     18.112     5.886   -21.847
     18.105     5.881   -21.844
     18.084     5.866   -21.835
     18.067     5.854   -21.828
     18.050     5.842   -21.821
     18.037     5.833   -21.816
     18.020     5.821   -21.809
     18.007     5.811   -21.803
     17.993     5.802   -21.798
     17.983     5.794   -21.793
     17.966     5.782   -21.786
     17.953     5.773   -21.780
     17.940     5.763   -21.775
     17.929     5.756   -21.770
     17.916     5.746   -21.765
     17.906     5.739   -21.760
     17.895     5.731   -21.756
     17.887     5.726   -21.753
     17.871     5.713   -21.745
     17.857     5.704   -21.740
     17.844     5.694   -21.734
     17.834     5.687   -21.730
     17.821     5.677   -21.724
     17.810     5.670   -21.720
     17.800     5.662   -21.715
     17.792     5.656   -21.712
     17.779     5.647   -21.706
     17.768     5.639   -21.702
     17.758     5.632   -21.697
     17.750     5.626   -21.694
     17.740     5.618   -21.689
     17.732     5.612   -21.686
     17.724     5.606   -21.682
     17.717     5.602   -21.679
     17.701     5.590   -21.672
     17.687     5.580   -21.666
     17.674     5.570   -21.661
     17.664     5.563   -21.656
     17.651     5.553   -21.650
     17.641     5.545   -21.646
     17.630     5.538   -21.641
     17.622     5.532   -21.638
     17.609     5.522   -21.632
     17.599     5.515   -21.628
     17.589     5.507   -21.623
     17.581     5.501   -21.620
     17.571     5.493   -21.615
     17.563     5.487   -21.612
     17.554     5.481   -21.608
     17.548     5.477   -21.605
     17.535     5.467   -21.599
     17.525     5.459   -21.595
     17.515     5.452   -21.590
     17.507     5.446   -21.587
     17.496     5.438   -21.582
     17.488     5.432   -21.579
     17.480     5.426   -21.575
     17.474     5.421   -21.572
     17.464     5.414   -21.568
     17.456     5.408   -21.564
     17.448     5.402   -21.560
     17.442     5.397   -21.558
     17.434     5.391   -21.554
     17.427     5.386   -21.551
     17.421     5.381   -21.548
     17.416     5.378   -21.546
     17.382     5.352   -21.531
     17.355     5.332   -21.519
     17.329     5.312   -21.507
     17.308     5.296   -21.497
     17.281     5.275   -21.485
     17.260     5.259   -21.476
     17.239     5.244   -21.466
     17.223     5.231   -21.458
     17.197     5.211   -21.446
     17.176     5.195   -21.437
     17.155     5.179   -21.427
     17.139     5.166   -21.420
     17.118     5.150   -21.410
     17.101     5.137   -21.402
     17.085     5.125   -21.395
     17.072     5.115   -21.389
     17.046     5.094   -21.376
     17.025     5.078   -21.367
     17.005     5.062   -21.357
     16.988     5.049   -21.349
     16.968     5.033   -21.340
     16.951     5.020   -21.332
     16.935     5.007   -21.324
     16.923     4.997   -21.318
     16.902     4.981   -21.308
     16.886     4.968   -21.301
     16.870     4.955   -21.293
     16.857     4.945   -21.287
     16.841     4.933   -21.279
     16.828     4.923   -21.273
     16.815     4.912   -21.267
     16.805     4.905   -21.262
     16.779     4.884   -21.250
     16.759     4.867   -21.240
     16.738     4.851   -21.230
     16.722     4.838   -21.222
     16.702     4.822   -21.212
     16.686     4.809   -21.204
     16.670     4.796   -21.197
     16.657     4.786   -21.190
     16.637     4.769   -21.180
     16.621     4.756   -21.173
     16.605     4.743   -21.165
     16.592     4.733   -21.159
     16.576     4.720   -21.151
     16.563     4.710   -21.145
     16.551     4.700   -21.138
     16.541     4.692   -21.134
     16.521     4.675   -21.123
     16.505     4.662   -21.116
     16.489     4.649   -21.108
     16.476     4.639   -21.101
     16.460     4.626   -21.094
     16.448     4.615   -21.087
     16.435     4.605   -21.081
     16.426     4.597   -21.076
     16.410     4.584   -21.068
     16.397     4.574   -21.062
     16.385     4.563   -21.056
     16.375     4.555   -21.051
     16.362     4.545   -21.045
     16.353     4.537   -21.040
     16.343     4.529   -21.035
     16.335     4.523   -21.031
     16.310     4.501   -21.018
     16.289     4.484   -21.008
     16.269     4.468   -20.997
     16.254     4.455   -20.989
     16.233     4.438   -20.979
     16.218     4.425   -20.971
     16.202     4.411   -20.963
     16.190     4.401   -20.957
     16.169     4.384   -20.946
     16.154     4.371   -20.938
     16.138     4.358   -20.930
     16.126     4.347   -20.924
     16.110     4.334   -20.916
     16.098     4.324   -20.909
     16.085     4.313   -20.903
     16.076     4.305   -20.898
     16.056     4.288   -20.888
     16.040     4.275   -20.880
     16.024     4.261   -20.871
     16.012     4.251   -20.865
     15.996     4.238   -20.857
     15.984     4.227   -20.850
     15.972     4.217   -20.844
     15.962     4.208   -20.839
     15.947     4.195   -20.831
     15.934     4.184   -20.824
     15.922     4.174   -20.818
     15.912     4.166   -20.813
     15.900     4.155   -20.806
     15.891     4.147   -20.801
     15.881     4.139   -20.796
     15.873     4.132   -20.792
     15.854     4.115   -20.782
     15.838     4.102   -20.774
     15.823     4.088   -20.765
     15.810     4.078   -20.759
     15.795     4.064   -20.751
     15.783     4.054   -20.744
     15.771     4.043   -20.738
     15.761     4.035   -20.732
     15.745     4.021   -20.724
     15.733     4.011   -20.718
     15.721     4.000   -20.711
     15.712     3.992   -20.706
     15.699     3.981   -20.699
     15.690     3.973   -20.694
     15.680     3.964   -20.689
     15.673     3.958   -20.685
     15.657     3.944   -20.677
     15.645     3.934   -20.670
     15.633     3.923   -20.664
     15.624     3.914   -20.659
     15.612     3.904   -20.652
     15.602     3.895   -20.647
     15.593     3.887   -20.642
     15.585     3.880   -20.638
     15.573     3.870   -20.631
     15.564     3.861   -20.626
     15.554     3.853   -20.621
     15.547     3.846   -20.617
     15.537     3.838   -20.612
     15.530     3.831   -20.607
     15.522     3.825   -20.603
     15.516     3.820   -20.600
     15.492     3.798   -20.587
     15.472     3.780   -20.576
     15.453     3.763   -20.565
     15.437     3.749   -20.557
     15.418     3.732   -20.546
     15.403     3.718   -20.537
     15.387     3.704   -20.529
     15.375     3.694   -20.522
     15.356     3.676   -20.512
     15.341     3.662   -20.503
     15.326     3.649   -20.495
     15.314     3.638   -20.488
     15.298     3.624   -20.479
     15.286     3.613   -20.473
     15.274     3.603   -20.466
     15.265     3.594   -20.461
     15.246     3.576   -20.450
     15.231     3.563   -20.441
     15.215     3.549   -20.433
     15.204     3.538   -20.426
     15.188     3.524   -20.418
     15.176     3.513   -20.411
     15.165     3.503   -20.404
     15.155     3.494   -20.399
     15.140     3.480   -20.390
     15.128     3.469   -20.384
     15.116     3.458   -20.377
     15.107     3.450   -20.372
     15.095     3.439   -20.365
     15.086     3.430   -20.359
     15.077     3.422   -20.354
     15.069     3.415   -20.350
     15.050     3.397   -20.339
     15.035     3.384   -20.330
     15.020     3.370   -20.322
     15.008     3.359   -20.315
     14.993     3.345   -20.306
     14.981     3.334   -20.300
     14.970     3.323   -20.293
     14.960     3.314   -20.287
     14.945     3.300   -20.279
     14.934     3.289   -20.272
     14.922     3.278   -20.265
     14.913     3.270   -20.260
     14.901     3.259   -20.253
     14.892     3.250   -20.248
     14.882     3.242   -20.242
     14.875     3.235   -20.238
     14.860     3.221   -20.229
     14.848     3.210   -20.222
     14.837     3.199   -20.216
     14.828     3.190   -20.210
     14.816     3.179   -20.203
     14.807     3.170   -20.198
     14.797     3.162   -20.193
     14.790     3.155   -20.188
     14.779     3.144   -20.181
     14.769     3.135   -20.176
     14.760     3.127   -20.171
     14.753     3.120   -20.166
     14.744     3.111   -20.161
     14.737     3.104   -20.157
     14.729     3.098   -20.152
     14.724     3.092   -20.149
     14.705     3.074   -20.138
     14.690     3.060   -20.129
     14.675     3.046   -20.120
     14.663     3.035   -20.114
     14.649     3.021   -20.105
     14.637     3.010   -20.098
     14.625     2.999   -20.091
     14.616     2.990   -20.085
     14.601     2.976   -20.077
     14.590     2.965   -20.070
     14.578     2.954   -20.063
     14.569     2.945   -20.057
     14.558     2.934   -20.050
     14.548     2.925   -20.045
     14.539     2.916   -20.039
     14.532     2.909   -20.035
     14.517     2.895   -20.026
     14.506     2.884   -20.019
     14.494     2.873   -20.012
     14.485     2.864   -20.007
     14.474     2.853   -20.000
     14.465     2.844   -19.994
     14.456     2.835   -19.989
     14.448     2.829   -19.985
     14.437     2.817   -19.978
     14.428     2.809   -19.972
     14.419     2.800   -19.967
     14.412     2.793   -19.962
     14.403     2.784   -19.957
     14.396     2.777   -19.952
     14.388     2.770   -19.948
     14.383     2.765   -19.945
     14.368     2.751   -19.936
     14.357     2.739   -19.929
     14.345     2.728   -19.922
     14.336     2.719   -19.916
     14.325     2.708   -19.909
     14.316     2.699   -19.904
     14.307     2.691   -19.898
     14.300     2.684   -19.894
     14.288     2.672   -19.887
     14.279     2.664   -19.881
     14.270     2.655   -19.876
     14.263     2.648   -19.871
     14.254     2.639   -19.866
     14.247     2.632   -19.861
     14.240     2.625   -19.857
     14.234     2.620   -19.854
     14.223     2.608   -19.847
     14.214     2.599   -19.841
     14.205     2.591   -19.836
     14.198     2.584   -19.831
     14.189     2.575   -19.826
     14.182     2.568   -19.821
     14.175     2.561   -19.817
     14.169     2.555   -19.813
     14.160     2.547   -19.808
     14.153     2.540   -19.804
     14.146     2.533   -19.799
     14.141     2.527   -19.796
     14.134     2.520   -19.791
     14.128     2.515   -19.788
     14.123     2.509   -19.784
     14.118     2.505   -19.782
     14.095     2.482   -19.767
     14.077     2.463   -19.756
     14.058     2.445   -19.744
     14.044     2.430   -19.735
     14.025     2.412   -19.723
     14.011     2.398   -19.714
     13.996     2.383   -19.705
     13.985     2.372   -19.698
     13.967     2.353   -19.687
     13.952     2.339   -19.677
     13.938     2.324   -19.668
     13.927     2.313   -19.661
     13.912     2.299   -19.652
     13.901     2.287   -19.645
     13.890     2.276   -19.638
     13.881     2.267   -19.632
     13.863     2.248   -19.620
     13.848     2.234   -19.611
     13.834     2.219   -19.602
     13.823     2.208   -19.595
     13.809     2.193   -19.586
     13.797     2.182   -19.579
     13.786     2.170   -19.571
     13.777     2.162   -19.566
     13.763     2.147   -19.557
     13.752     2.135   -19.549
     13.741     2.124   -19.542
     13.732     2.115   -19.536
     13.721     2.104   -19.529
     13.712     2.095   -19.523
     13.703     2.086   -19.518
     13.696     2.078   -19.513
     13.678     2.060   -19.502
     13.664     2.045   -19.492
     13.650     2.031   -19.483
     13.639     2.019   -19.476
     13.624     2.005   -19.467
     13.613     1.993   -19.459
     13.602     1.981   -19.452
     13.593     1.972   -19.446
     13.579     1.958   -19.437
     13.568     1.946   -19.430
     13.557     1.935   -19.423
     13.548     1.926   -19.417
     13.537     1.914   -19.410
     13.528     1.905   -19.404
     13.520     1.896   -19.398
     13.513     1.889   -19.394
     13.499     1.874   -19.384
     13.488     1.863   -19.377
     13.477     1.851   -19.370
     13.468     1.842   -19.364
     13.457     1.830   -19.357
     13.448     1.821   -19.351
     13.439     1.812   -19.345
     13.433     1.805   -19.341
     13.421     1.794   -19.333
     13.413     1.784   -19.327
     13.404     1.775   -19.322
     13.397     1.768   -19.317
     13.389     1.759   -19.311
     13.382     1.752   -19.307
     13.375     1.745   -19.302
     13.370     1.739   -19.299
     13.352     1.720   -19.287
     13.338     1.706   -19.278
     13.324     1.691   -19.268
     13.313     1.679   -19.261
     13.299     1.664   -19.251
     13.288     1.653   -19.244
     13.277     1.641   -19.237
     13.268     1.632   -19.231
     13.254     1.617   -19.221
     13.243     1.605   -19.214
     13.232     1.594   -19.207
     13.224     1.585   -19.201
     13.213     1.573   -19.194
     13.204     1.564   -19.188
     13.196     1.555   -19.182
     13.189     1.547   -19.177
     13.175     1.533   -19.168
     13.164     1.521   -19.160
     13.153     1.509   -19.153
     13.144     1.500   -19.147
     13.134     1.488   -19.140
     13.125     1.479   -19.134
     13.116     1.470   -19.128
     13.110     1.463   -19.124
     13.099     1.451   -19.116
     13.090     1.442   -19.110
     13.082     1.433   -19.104
     13.075     1.425   -19.100
     13.066     1.416   -19.094
     13.060     1.409   -19.089
     13.053     1.402   -19.085
     13.048     1.396   -19.081
     13.034     1.381   -19.072
     13.023     1.369   -19.064
     13.012     1.358   -19.057
     13.004     1.348   -19.051
     12.993     1.337   -19.044
     12.984     1.328   -19.038
     12.976     1.318   -19.032
     12.969     1.311   -19.027
     12.958     1.299   -19.020
     12.950     1.290   -19.014
     12.941     1.281   -19.008
     12.935     1.274   -19.003
     12.926     1.264   -18.997
     12.919     1.257   -18.993
     12.913     1.250   -18.988
     12.907     1.244   -18.985
     12.897     1.232   -18.977
     12.888     1.223   -18.971
     12.880     1.214   -18.965
     12.873     1.207   -18.961
     12.865     1.197   -18.955
     12.858     1.190   -18.950
     12.851     1.183   -18.946
     12.846     1.177   -18.942
     12.838     1.168   -18.936
     12.831     1.160   -18.931
     12.824     1.153   -18.927
     12.819     1.147   -18.923
     12.812     1.140   -18.918
     12.807     1.134   -18.915
     12.802     1.129   -18.911
     12.798     1.124   -18.908
     12.780     1.105   -18.896
     12.767     1.090   -18.886
     12.753     1.075   -18.877
     12.742     1.063   -18.869
     12.729     1.048   -18.860
     12.718     1.036   -18.852
     12.707     1.024   -18.845
     12.699     1.015   -18.839
     12.685     1.000   -18.829
     12.675     0.988   -18.822
     12.664     0.976   -18.814
     12.655     0.967   -18.808
     12.645     0.955   -18.800
     12.636     0.946   -18.795
     12.628     0.936   -18.789
     12.621     0.929   -18.784
     12.608     0.914   -18.774
     12.597     0.902   -18.767
     12.587     0.890   -18.759
     12.578     0.881   -18.753
     12.567     0.869   -18.746
     12.559     0.860   -18.740
     12.551     0.850   -18.734
     12.544     0.843   -18.729
     12.534     0.831   -18.721
     12.525     0.822   -18.715
     12.517     0.812   -18.709
     12.510     0.805   -18.705
     12.502     0.796   -18.699
     12.495     0.788   -18.694
     12.489     0.781   -18.689
     12.484     0.775   -18.686
     12.470     0.760   -18.676
     12.460     0.748   -18.668
     12.449     0.736   -18.661
     12.441     0.727   -18.655
     12.430     0.715   -18.647
     12.422     0.705   -18.641
     12.414     0.696   -18.635
     12.407     0.689   -18.630
     12.396     0.677   -18.623
     12.388     0.667   -18.617
     12.380     0.658   -18.611
     12.373     0.650   -18.606
     12.365     0.641   -18.600
     12.358     0.634   -18.595
     12.352     0.626   -18.590
     12.347     0.620   -18.587
     12.336     0.608   -18.579
     12.328     0.599   -18.573
     12.320     0.590   -18.567
     12.313     0.582   -18.562
     12.305     0.573   -18.556
     12.299     0.565   -18.552
     12.292     0.558   -18.547
     12.287     0.552   -18.543
     12.279     0.543   -18.537
     12.272     0.535   -18.532
     12.266     0.528   -18.528
     12.261     0.522   -18.524
     12.254     0.515   -18.519
     12.249     0.509   -18.515
     12.244     0.503   -18.512
     12.240     0.499   -18.509
     12.227     0.483   -18.499
     12.216     0.471   -18.491
     12.206     0.459   -18.484
     12.197     0.450   -18.477
     12.187     0.438   -18.470
     12.179     0.428   -18.464
     12.170     0.419   -18.458
     12.164     0.411   -18.453
     12.154     0.399   -18.445
     12.145     0.390   -18.439
     12.137     0.380   -18.433
     12.131     0.373   -18.428
     12.122     0.364   -18.422
     12.116     0.356   -18.417
     12.110     0.349   -18.413
     12.105     0.343   -18.409
     12.094     0.331   -18.401
     12.086     0.321   -18.395
     12.078     0.312   -18.389
     12.071     0.304   -18.384
     12.063     0.295   -18.378
     12.057     0.287   -18.373
     12.050     0.280   -18.369
     12.045     0.274   -18.365
     12.037     0.265   -18.359
     12.031     0.257   -18.354
     12.024     0.250   -18.349
     12.019     0.244   -18.346
     12.013     0.236   -18.341
     12.008     0.231   -18.337
     12.003     0.225   -18.333
     11.999     0.220   -18.330
     11.988     0.208   -18.323
     11.980     0.198   -18.316
     11.972     0.189   -18.310
     11.966     0.181   -18.306
     11.958     0.172   -18.299
     11.951     0.165   -18.295
     11.945     0.157   -18.290
     11.940     0.151   -18.286
     11.932     0.142   -18.280
     11.925     0.134   -18.275
     11.919     0.127   -18.270
     11.914     0.121   -18.267
     11.907     0.113   -18.262
     11.902     0.107   -18.258
     11.897     0.102   -18.254
     11.893     0.097   -18.251
     11.885     0.087   -18.245
     11.879     0.080   -18.240
     11.873     0.072   -18.236
     11.868     0.067   -18.232
     11.861     0.059   -18.227
     11.856     0.053   -18.223
     11.851     0.047   -18.219
     11.847     0.043   -18.216
     11.841     0.035   -18.212
     11.836     0.029   -18.208
     11.831     0.023   -18.204
     11.827     0.019   -18.201
     11.822     0.013   -18.197
     11.818     0.008   -18.194
     11.814     0.004   -18.191
     11.811     0.000   -18.189
