Count of Points:3073

WCS coordinates of Points:
     74.369     9.706   -12.758
     74.277     9.656   -12.760
     74.205     9.617   -12.762
     74.132     9.577   -12.764
     74.075     9.547   -12.766
     74.002     9.508   -12.768
     73.945     9.478   -12.770
     73.888     9.448   -12.772
     73.843     9.424   -12.774
     73.769     9.386   -12.777
     73.712     9.357   -12.779
     73.654     9.327   -12.781
     73.609     9.304   -12.783
     73.551     9.275   -12.786
     73.506     9.252   -12.788
     73.460     9.229   -12.790
     73.424     9.211   -12.792
     73.351     9.175   -12.796
     73.293     9.146   -12.799
     73.234     9.118   -12.802
     73.189     9.095   -12.805
     73.130     9.067   -12.808
     73.085     9.045   -12.811
     73.039     9.023   -12.813
     73.003     9.006   -12.816
     72.944     8.978   -12.819
     72.898     8.957   -12.822
     72.852     8.935   -12.825
     72.816     8.918   -12.828
     72.770     8.897   -12.831
     72.734     8.880   -12.833
     72.697     8.864   -12.836
     72.669     8.851   -12.838
     72.594     8.816   -12.843
     72.535     8.790   -12.848
     72.476     8.763   -12.852
     72.429     8.743   -12.856
     72.370     8.717   -12.860
     72.324     8.696   -12.864
     72.277     8.676   -12.868
     72.241     8.660   -12.871
     72.182     8.634   -12.876
     72.135     8.614   -12.880
     72.088     8.594   -12.884
     72.052     8.579   -12.887
     72.005     8.559   -12.891
     71.968     8.543   -12.894
     71.931     8.528   -12.898
     71.902     8.516   -12.900
     71.843     8.491   -12.906
     71.796     8.472   -12.910
     71.749     8.452   -12.915
     71.712     8.437   -12.918
     71.665     8.418   -12.923
     71.628     8.403   -12.927
     71.591     8.389   -12.930
     71.562     8.377   -12.933
     71.515     8.358   -12.938
     71.478     8.344   -12.942
     71.441     8.329   -12.946
     71.412     8.317   -12.949
     71.375     8.303   -12.953
     71.346     8.292   -12.956
     71.316     8.280   -12.959
     71.293     8.271   -12.961
     71.217     8.242   -12.970
     71.157     8.219   -12.976
     71.096     8.196   -12.983
     71.049     8.179   -12.988
     70.989     8.156   -12.995
     70.941     8.139   -13.001
     70.894     8.121   -13.006
     70.856     8.107   -13.011
     70.796     8.086   -13.018
     70.748     8.068   -13.024
     70.700     8.051   -13.030
     70.663     8.038   -13.034
     70.615     8.021   -13.040
     70.578     8.008   -13.045
     70.540     7.995   -13.050
     70.511     7.985   -13.053
     70.450     7.964   -13.061
     70.402     7.947   -13.067
     70.354     7.931   -13.074
     70.317     7.918   -13.079
     70.269     7.902   -13.085
     70.231     7.889   -13.090
     70.194     7.877   -13.095
     70.164     7.867   -13.099
     70.116     7.851   -13.106
     70.078     7.839   -13.111
     70.041     7.827   -13.116
     70.011     7.817   -13.120
     69.973     7.805   -13.125
     69.944     7.795   -13.130
     69.914     7.786   -13.134
     69.891     7.778   -13.137
     69.829     7.759   -13.146
     69.781     7.744   -13.153
     69.733     7.729   -13.160
     69.695     7.717   -13.165
     69.647     7.702   -13.173
     69.609     7.691   -13.178
     69.571     7.679   -13.184
     69.542     7.670   -13.188
     69.493     7.656   -13.196
     69.455     7.644   -13.201
     69.417     7.633   -13.207
     69.388     7.624   -13.212
     69.350     7.613   -13.218
     69.320     7.605   -13.222
     69.290     7.596   -13.227
     69.267     7.589   -13.231
     69.218     7.575   -13.238
     69.180     7.564   -13.244
     69.142     7.553   -13.251
     69.112     7.545   -13.255
     69.074     7.534   -13.261
     69.044     7.526   -13.266
     69.014     7.518   -13.271
     68.991     7.511   -13.275
     68.953     7.501   -13.281
     68.923     7.492   -13.286
     68.893     7.484   -13.291
     68.869     7.478   -13.295
     68.839     7.470   -13.300
     68.816     7.463   -13.304
     68.792     7.457   -13.308
     68.774     7.452   -13.311
     68.695     7.431   -13.324
     68.633     7.415   -13.335
     68.571     7.399   -13.346
     68.523     7.387   -13.354
     68.461     7.371   -13.365
     68.412     7.359   -13.373
     68.363     7.347   -13.382
     68.325     7.337   -13.389
     68.263     7.322   -13.400
     68.214     7.310   -13.409
     68.166     7.298   -13.417
     68.127     7.289   -13.424
     68.079     7.277   -13.433
     68.040     7.268   -13.440
     68.002     7.259   -13.447
     67.972     7.252   -13.453
     67.910     7.238   -13.465
     67.861     7.227   -13.474
     67.812     7.216   -13.483
     67.774     7.207   -13.490
     67.725     7.197   -13.500
     67.686     7.188   -13.507
     67.648     7.180   -13.514
     67.618     7.173   -13.520
     67.569     7.163   -13.530
     67.530     7.154   -13.537
     67.492     7.146   -13.545
     67.462     7.140   -13.551
     67.423     7.132   -13.558
     67.393     7.125   -13.564
     67.363     7.119   -13.570
     67.339     7.114   -13.575
     67.277     7.102   -13.587
     67.228     7.092   -13.597
     67.179     7.082   -13.607
     67.140     7.074   -13.615
     67.091     7.065   -13.625
     67.053     7.057   -13.633
     67.014     7.050   -13.640
     66.984     7.044   -13.647
     66.935     7.035   -13.657
     66.896     7.028   -13.665
     66.858     7.020   -13.673
     66.828     7.015   -13.679
     66.789     7.008   -13.687
     66.759     7.002   -13.694
     66.729     6.997   -13.700
     66.705     6.992   -13.705
     66.656     6.984   -13.715
     66.617     6.977   -13.724
     66.579     6.970   -13.732
     66.548     6.965   -13.738
     66.510     6.958   -13.747
     66.479     6.953   -13.753
     66.449     6.948   -13.760
     66.425     6.944   -13.765
     66.387     6.937   -13.773
     66.356     6.932   -13.780
     66.326     6.927   -13.786
     66.302     6.924   -13.792
     66.272     6.919   -13.798
     66.248     6.915   -13.804
     66.224     6.911   -13.809
     66.205     6.908   -13.813
     66.143     6.898   -13.827
     66.094     6.890   -13.838
     66.045     6.883   -13.849
     66.006     6.877   -13.857
     65.957     6.869   -13.868
     65.918     6.864   -13.877
     65.880     6.858   -13.886
     65.849     6.854   -13.893
     65.800     6.846   -13.904
     65.762     6.841   -13.913
     65.723     6.835   -13.922
     65.693     6.831   -13.929
     65.654     6.826   -13.938
     65.624     6.822   -13.945
     65.593     6.817   -13.952
     65.569     6.814   -13.957
     65.520     6.808   -13.969
     65.482     6.803   -13.978
     65.443     6.797   -13.987
     65.413     6.794   -13.994
     65.374     6.789   -14.003
     65.344     6.785   -14.010
     65.313     6.781   -14.018
     65.289     6.778   -14.023
     65.251     6.773   -14.032
     65.220     6.769   -14.040
     65.190     6.766   -14.047
     65.166     6.763   -14.053
     65.136     6.759   -14.060
     65.112     6.756   -14.066
     65.088     6.753   -14.071
     65.069     6.751   -14.076
     65.020     6.746   -14.088
     64.982     6.741   -14.097
     64.943     6.737   -14.107
     64.913     6.733   -14.114
     64.874     6.729   -14.123
     64.844     6.726   -14.131
     64.813     6.723   -14.138
     64.789     6.720   -14.144
     64.751     6.716   -14.154
     64.720     6.713   -14.161
     64.690     6.710   -14.169
     64.666     6.707   -14.175
     64.636     6.704   -14.182
     64.612     6.702   -14.188
     64.588     6.699   -14.194
     64.569     6.698   -14.199
     64.531     6.694   -14.208
     64.500     6.691   -14.216
     64.470     6.688   -14.224
     64.446     6.686   -14.230
     64.416     6.683   -14.237
     64.392     6.681   -14.243
     64.368     6.678   -14.249
     64.349     6.677   -14.254
     64.319     6.674   -14.262
     64.295     6.672   -14.268
     64.271     6.670   -14.274
     64.253     6.668   -14.279
     64.229     6.666   -14.285
     64.210     6.664   -14.290
     64.191     6.663   -14.294
     64.177     6.661   -14.298
     64.097     6.655   -14.319
     64.034     6.650   -14.335
     63.972     6.645   -14.351
     63.923     6.641   -14.364
     63.860     6.636   -14.380
     63.811     6.633   -14.393
     63.762     6.629   -14.406
     63.723     6.627   -14.416
     63.661     6.622   -14.433
     63.612     6.619   -14.446
     63.563     6.616   -14.459
     63.524     6.613   -14.469
     63.475     6.610   -14.482
     63.436     6.608   -14.492
     63.398     6.606   -14.503
     63.367     6.604   -14.511
     63.305     6.600   -14.528
     63.256     6.598   -14.541
     63.207     6.595   -14.554
     63.168     6.593   -14.565
     63.119     6.591   -14.578
     63.081     6.589   -14.589
     63.042     6.587   -14.599
     63.012     6.586   -14.608
     62.963     6.583   -14.621
     62.924     6.582   -14.632
     62.886     6.580   -14.642
     62.855     6.579   -14.651
     62.817     6.577   -14.661
     62.787     6.576   -14.670
     62.756     6.575   -14.678
     62.733     6.574   -14.685
     62.670     6.572   -14.702
     62.621     6.570   -14.716
     62.572     6.568   -14.729
     62.534     6.567   -14.740
     62.485     6.566   -14.754
     62.446     6.565   -14.765
     62.408     6.564   -14.776
     62.377     6.563   -14.784
     62.328     6.562   -14.798
     62.290     6.561   -14.809
     62.252     6.560   -14.820
     62.221     6.559   -14.829
     62.183     6.558   -14.840
     62.153     6.558   -14.848
     62.122     6.557   -14.857
     62.099     6.557   -14.864
     62.050     6.556   -14.878
     62.011     6.555   -14.889
     61.973     6.555   -14.900
     61.943     6.554   -14.909
     61.904     6.554   -14.920
     61.874     6.554   -14.929
     61.844     6.553   -14.937
     61.820     6.553   -14.944
     61.782     6.553   -14.955
     61.752     6.553   -14.964
     61.721     6.552   -14.973
     61.698     6.552   -14.980
     61.668     6.552   -14.989
     61.644     6.552   -14.996
     61.620     6.552   -15.003
     61.602     6.552   -15.008
     61.539     6.552   -15.026
     61.490     6.552   -15.041
     61.442     6.552   -15.055
     61.403     6.552   -15.067
     61.354     6.552   -15.081
     61.316     6.552   -15.092
     61.278     6.553   -15.104
     61.248     6.553   -15.113
     61.199     6.553   -15.127
     61.161     6.554   -15.139
     61.122     6.554   -15.150
     61.092     6.554   -15.159
     61.054     6.555   -15.171
     61.024     6.555   -15.180
     60.994     6.556   -15.189
     60.970     6.556   -15.196
     60.921     6.557   -15.211
     60.883     6.557   -15.222
     60.845     6.558   -15.234
     60.815     6.559   -15.243
     60.776     6.559   -15.255
     60.746     6.560   -15.264
     60.716     6.561   -15.273
     60.693     6.561   -15.280
     60.654     6.562   -15.292
     60.624     6.563   -15.301
     60.594     6.564   -15.310
     60.571     6.564   -15.317
     60.540     6.565   -15.326
     60.517     6.566   -15.334
     60.493     6.566   -15.341
     60.475     6.567   -15.347
     60.426     6.568   -15.362
     60.388     6.570   -15.373
     60.350     6.571   -15.385
     60.320     6.572   -15.394
     60.281     6.573   -15.406
     60.251     6.574   -15.415
     60.221     6.575   -15.425
     60.198     6.576   -15.432
     60.160     6.577   -15.444
     60.130     6.579   -15.453
     60.100     6.580   -15.463
     60.076     6.581   -15.470
     60.046     6.582   -15.479
     60.023     6.583   -15.487
     59.999     6.584   -15.494
     59.980     6.585   -15.500
     59.942     6.586   -15.512
     59.912     6.588   -15.521
     59.882     6.589   -15.530
     59.859     6.590   -15.538
     59.829     6.591   -15.547
     59.805     6.592   -15.555
     59.782     6.593   -15.562
     59.763     6.594   -15.568
     59.733     6.596   -15.577
     59.710     6.597   -15.585
     59.686     6.598   -15.592
     59.668     6.599   -15.598
     59.644     6.600   -15.605
     59.626     6.601   -15.611
     59.607     6.602   -15.617
     59.593     6.603   -15.622
     59.531     6.606   -15.641
     59.483     6.609   -15.656
     59.434     6.611   -15.672
     59.396     6.614   -15.684
     59.348     6.616   -15.699
     59.310     6.619   -15.712
     59.272     6.621   -15.724
     59.242     6.623   -15.733
     59.193     6.626   -15.749
     59.155     6.628   -15.761
     59.117     6.630   -15.773
     59.087     6.632   -15.783
     59.049     6.635   -15.795
     59.019     6.637   -15.805
     58.990     6.639   -15.814
     58.966     6.640   -15.822
     58.918     6.644   -15.837
     58.880     6.646   -15.850
     58.842     6.649   -15.862
     58.812     6.651   -15.872
     58.774     6.654   -15.884
     58.744     6.656   -15.893
     58.714     6.658   -15.903
     58.691     6.660   -15.911
     58.653     6.663   -15.923
     58.623     6.665   -15.933
     58.593     6.667   -15.943
     58.570     6.669   -15.950
     58.540     6.671   -15.960
     58.517     6.673   -15.968
     58.493     6.675   -15.975
     58.475     6.676   -15.981
     58.427     6.680   -15.997
     58.389     6.683   -16.009
     58.351     6.686   -16.022
     58.321     6.689   -16.032
     58.283     6.692   -16.044
     58.253     6.694   -16.054
     58.224     6.697   -16.064
     58.200     6.699   -16.071
     58.162     6.702   -16.084
     58.133     6.705   -16.094
     58.103     6.707   -16.103
     58.079     6.709   -16.111
     58.050     6.712   -16.121
     58.026     6.714   -16.129
     58.003     6.716   -16.136
     57.985     6.718   -16.142
     57.947     6.721   -16.155
     57.917     6.724   -16.165
     57.887     6.726   -16.175
     57.864     6.729   -16.182
     57.834     6.731   -16.192
     57.811     6.733   -16.200
     57.788     6.736   -16.208
     57.769     6.737   -16.214
     57.740     6.740   -16.224
     57.716     6.742   -16.232
     57.693     6.745   -16.239
     57.675     6.746   -16.245
     57.651     6.749   -16.253
     57.633     6.750   -16.259
     57.615     6.752   -16.265
     57.600     6.754   -16.270
     57.552     6.758   -16.286
     57.514     6.762   -16.299
     57.477     6.766   -16.312
     57.447     6.769   -16.321
     57.409     6.773   -16.334
     57.379     6.776   -16.344
     57.350     6.779   -16.354
     57.326     6.781   -16.362
     57.289     6.785   -16.375
     57.259     6.788   -16.385
     57.229     6.791   -16.394
     57.206     6.794   -16.402
     57.177     6.797   -16.412
     57.153     6.800   -16.420
     57.130     6.802   -16.428
     57.112     6.804   -16.434
     57.074     6.808   -16.447
     57.044     6.811   -16.457
     57.015     6.815   -16.467
     56.991     6.817   -16.475
     56.962     6.820   -16.485
     56.939     6.823   -16.493
     56.915     6.826   -16.501
     56.897     6.828   -16.507
     56.867     6.831   -16.517
     56.844     6.834   -16.525
     56.821     6.836   -16.533
     56.803     6.838   -16.539
     56.779     6.841   -16.547
     56.761     6.843   -16.553
     56.743     6.845   -16.559
     56.729     6.847   -16.564
     56.691     6.851   -16.577
     56.661     6.855   -16.587
     56.632     6.858   -16.597
     56.608     6.861   -16.605
     56.579     6.864   -16.615
     56.556     6.867   -16.623
     56.532     6.870   -16.631
     56.514     6.872   -16.637
     56.485     6.876   -16.647
     56.461     6.878   -16.655
     56.438     6.881   -16.663
     56.420     6.883   -16.669
     56.397     6.886   -16.677
     56.379     6.888   -16.683
     56.360     6.891   -16.690
     56.346     6.892   -16.694
     56.316     6.896   -16.705
     56.293     6.899   -16.713
     56.270     6.902   -16.720
     56.252     6.904   -16.727
     56.229     6.907   -16.735
     56.210     6.909   -16.741
     56.192     6.912   -16.747
     56.178     6.913   -16.752
     56.155     6.916   -16.760
     56.136     6.919   -16.766
     56.118     6.921   -16.773
     56.104     6.923   -16.777
     56.086     6.925   -16.784
     56.071     6.927   -16.789
     56.057     6.929   -16.794
     56.046     6.930   -16.797
     55.968     6.940   -16.824
     55.908     6.948   -16.845
     55.847     6.956   -16.866
     55.799     6.962   -16.883
     55.738     6.970   -16.904
     55.690     6.977   -16.920
     55.643     6.983   -16.937
     55.605     6.988   -16.950
     55.545     6.997   -16.971
     55.497     7.003   -16.987
     55.449     7.010   -17.004
     55.412     7.015   -17.017
     55.364     7.022   -17.033
     55.326     7.027   -17.046
     55.289     7.032   -17.059
     55.260     7.036   -17.069
     55.199     7.045   -17.091
     55.151     7.052   -17.107
     55.104     7.059   -17.124
     55.066     7.064   -17.137
     55.019     7.071   -17.153
     54.981     7.076   -17.167
     54.944     7.082   -17.180
     54.914     7.086   -17.190
     54.867     7.093   -17.207
     54.829     7.099   -17.220
     54.792     7.104   -17.233
     54.763     7.109   -17.243
     54.725     7.114   -17.256
     54.696     7.119   -17.266
     54.666     7.123   -17.277
     54.643     7.127   -17.285
     54.583     7.136   -17.306
     54.535     7.143   -17.323
     54.488     7.150   -17.339
     54.450     7.156   -17.352
     54.403     7.163   -17.369
     54.366     7.169   -17.382
     54.328     7.175   -17.395
     54.299     7.180   -17.406
     54.251     7.187   -17.422
     54.214     7.193   -17.436
     54.177     7.199   -17.449
     54.147     7.203   -17.459
     54.110     7.209   -17.472
     54.081     7.214   -17.482
     54.051     7.219   -17.493
     54.028     7.222   -17.501
     53.981     7.230   -17.518
     53.944     7.236   -17.531
     53.906     7.242   -17.544
     53.877     7.247   -17.554
     53.840     7.253   -17.567
     53.810     7.258   -17.578
     53.781     7.262   -17.588
     53.758     7.266   -17.596
     53.721     7.272   -17.609
     53.692     7.277   -17.620
     53.662     7.282   -17.630
     53.639     7.286   -17.638
     53.610     7.291   -17.649
     53.587     7.294   -17.657
     53.564     7.298   -17.665
     53.546     7.301   -17.671
     53.486     7.311   -17.693
     53.438     7.319   -17.709
     53.391     7.327   -17.726
     53.353     7.333   -17.739
     53.306     7.341   -17.756
     53.269     7.348   -17.769
     53.232     7.354   -17.783
     53.202     7.359   -17.793
     53.155     7.367   -17.810
     53.118     7.374   -17.823
     53.081     7.380   -17.836
     53.051     7.385   -17.846
     53.014     7.392   -17.860
     52.985     7.397   -17.870
     52.956     7.402   -17.880
     52.933     7.406   -17.889
     52.885     7.414   -17.905
     52.848     7.420   -17.919
     52.811     7.427   -17.932
     52.782     7.432   -17.942
     52.745     7.439   -17.955
     52.715     7.444   -17.966
     52.686     7.449   -17.976
     52.663     7.453   -17.984
     52.626     7.460   -17.998
     52.597     7.465   -18.008
     52.568     7.470   -18.018
     52.545     7.474   -18.026
     52.515     7.479   -18.037
     52.492     7.483   -18.045
     52.469     7.487   -18.053
     52.451     7.491   -18.060
     52.404     7.499   -18.076
     52.367     7.506   -18.090
     52.330     7.513   -18.103
     52.301     7.518   -18.113
     52.263     7.525   -18.126
     52.234     7.530   -18.137
     52.205     7.535   -18.147
     52.182     7.539   -18.155
     52.145     7.546   -18.169
     52.116     7.551   -18.179
     52.087     7.557   -18.189
     52.064     7.561   -18.197
     52.035     7.566   -18.208
     52.012     7.571   -18.216
     51.989     7.575   -18.224
     51.971     7.578   -18.231
     51.934     7.585   -18.244
     51.904     7.590   -18.254
     51.875     7.596   -18.265
     51.852     7.600   -18.273
     51.823     7.605   -18.283
     51.800     7.610   -18.291
     51.777     7.614   -18.299
     51.759     7.617   -18.306
     51.730     7.623   -18.316
     51.707     7.627   -18.324
     51.684     7.631   -18.332
     51.666     7.635   -18.339
     51.643     7.639   -18.347
     51.625     7.642   -18.353
     51.607     7.646   -18.360
     51.593     7.648   -18.365
     51.533     7.660   -18.386
     51.486     7.669   -18.403
     51.439     7.677   -18.420
     51.401     7.684   -18.433
     51.354     7.693   -18.450
     51.317     7.700   -18.463
     51.280     7.708   -18.476
     51.251     7.713   -18.487
     51.204     7.722   -18.503
     51.167     7.729   -18.517
     51.130     7.736   -18.530
     51.100     7.742   -18.540
     51.063     7.749   -18.553
     51.034     7.755   -18.564
     51.005     7.760   -18.574
     50.982     7.765   -18.582
     50.935     7.774   -18.599
     50.898     7.781   -18.612
     50.861     7.788   -18.625
     50.832     7.794   -18.636
     50.795     7.801   -18.649
     50.765     7.807   -18.659
     50.736     7.812   -18.670
     50.713     7.817   -18.678
     50.676     7.824   -18.691
     50.647     7.830   -18.701
     50.618     7.835   -18.712
     50.595     7.840   -18.720
     50.566     7.845   -18.730
     50.543     7.850   -18.738
     50.520     7.854   -18.746
     50.502     7.858   -18.753
     50.455     7.867   -18.769
     50.418     7.875   -18.783
     50.381     7.882   -18.796
     50.352     7.888   -18.806
     50.315     7.895   -18.819
     50.286     7.901   -18.829
     50.256     7.906   -18.840
     50.234     7.911   -18.848
     50.197     7.918   -18.861
     50.167     7.924   -18.871
     50.138     7.930   -18.882
     50.115     7.934   -18.890
     50.086     7.940   -18.900
     50.063     7.945   -18.908
     50.040     7.949   -18.916
     50.023     7.953   -18.923
     49.985     7.960   -18.936
     49.956     7.966   -18.946
     49.927     7.972   -18.956
     49.904     7.976   -18.964
     49.875     7.982   -18.975
     49.852     7.987   -18.983
     49.829     7.991   -18.991
     49.811     7.995   -18.997
     49.782     8.001   -19.008
     49.759     8.005   -19.016
     49.737     8.010   -19.024
     49.719     8.014   -19.030
     49.696     8.018   -19.038
     49.678     8.022   -19.045
     49.660     8.025   -19.051
     49.646     8.028   -19.056
     49.598     8.038   -19.073
     49.561     8.045   -19.086
     49.524     8.053   -19.099
     49.495     8.059   -19.109
     49.458     8.066   -19.122
     49.429     8.072   -19.132
     49.400     8.078   -19.143
     49.377     8.082   -19.151
     49.340     8.090   -19.164
     49.311     8.096   -19.174
     49.282     8.102   -19.184
     49.259     8.106   -19.192
     49.230     8.112   -19.202
     49.207     8.117   -19.210
     49.184     8.122   -19.219
     49.166     8.125   -19.225
     49.129     8.133   -19.238
     49.100     8.139   -19.248
     49.071     8.145   -19.258
     49.048     8.149   -19.266
     49.019     8.155   -19.277
     48.996     8.160   -19.285
     48.973     8.165   -19.293
     48.955     8.168   -19.299
     48.926     8.174   -19.309
     48.903     8.179   -19.317
     48.880     8.184   -19.325
     48.862     8.187   -19.332
     48.839     8.192   -19.340
     48.821     8.196   -19.346
     48.803     8.199   -19.352
     48.789     8.202   -19.357
     48.752     8.210   -19.370
     48.723     8.216   -19.380
     48.694     8.222   -19.390
     48.671     8.226   -19.398
     48.642     8.232   -19.409
     48.619     8.237   -19.417
     48.596     8.242   -19.425
     48.578     8.245   -19.431
     48.549     8.251   -19.441
     48.526     8.256   -19.449
     48.503     8.261   -19.457
     48.485     8.264   -19.463
     48.462     8.269   -19.471
     48.444     8.273   -19.478
     48.426     8.277   -19.484
     48.412     8.279   -19.489
     48.383     8.285   -19.499
     48.360     8.290   -19.507
     48.337     8.295   -19.515
     48.319     8.299   -19.521
     48.296     8.303   -19.529
     48.278     8.307   -19.535
     48.260     8.311   -19.542
     48.246     8.314   -19.547
     48.223     8.318   -19.555
     48.205     8.322   -19.561
     48.187     8.326   -19.567
     48.173     8.329   -19.572
     48.155     8.332   -19.578
     48.141     8.335   -19.583
     48.127     8.338   -19.588
     48.116     8.341   -19.592
     48.056     8.353   -19.613
     48.008     8.363   -19.629
     47.961     8.372   -19.646
     47.924     8.380   -19.658
     47.877     8.390   -19.675
     47.840     8.397   -19.688
     47.803     8.405   -19.700
     47.774     8.411   -19.711
     47.726     8.421   -19.727
     47.689     8.429   -19.740
     47.652     8.436   -19.752
     47.623     8.442   -19.763
     47.586     8.450   -19.775
     47.557     8.456   -19.785
     47.527     8.462   -19.795
     47.505     8.467   -19.803
     47.457     8.477   -19.820
     47.420     8.484   -19.832
     47.383     8.492   -19.845
     47.354     8.498   -19.855
     47.317     8.506   -19.868
     47.288     8.512   -19.878
     47.258     8.518   -19.888
     47.235     8.523   -19.896
     47.198     8.530   -19.908
     47.169     8.536   -19.918
     47.140     8.542   -19.928
     47.117     8.547   -19.936
     47.088     8.553   -19.946
     47.065     8.558   -19.954
     47.042     8.563   -19.962
     47.024     8.566   -19.968
     46.977     8.576   -19.984
     46.940     8.584   -19.997
     46.902     8.592   -20.010
     46.873     8.598   -20.020
     46.836     8.605   -20.032
     46.807     8.611   -20.042
     46.778     8.617   -20.052
     46.755     8.622   -20.060
     46.717     8.630   -20.072
     46.688     8.636   -20.082
     46.659     8.642   -20.092
     46.636     8.647   -20.100
     46.607     8.653   -20.110
     46.584     8.657   -20.118
     46.561     8.662   -20.126
     46.543     8.666   -20.132
     46.506     8.674   -20.144
     46.477     8.680   -20.154
     46.447     8.686   -20.164
     46.424     8.690   -20.172
     46.395     8.696   -20.182
     46.372     8.701   -20.189
     46.349     8.706   -20.197
     46.331     8.710   -20.203
     46.302     8.716   -20.213
     46.279     8.720   -20.221
     46.256     8.725   -20.228
     46.238     8.729   -20.235
     46.215     8.734   -20.242
     46.197     8.737   -20.248
     46.179     8.741   -20.254
     46.165     8.744   -20.259
     46.117     8.754   -20.275
     46.080     8.761   -20.288
     46.043     8.769   -20.300
     46.014     8.775   -20.310
     45.976     8.783   -20.322
     45.947     8.789   -20.332
     45.918     8.795   -20.342
     45.895     8.800   -20.350
     45.858     8.807   -20.362
     45.828     8.813   -20.372
     45.799     8.819   -20.381
     45.776     8.824   -20.389
     45.747     8.830   -20.399
     45.724     8.835   -20.407
     45.701     8.839   -20.414
     45.683     8.843   -20.420
     45.645     8.851   -20.433
     45.616     8.857   -20.442
     45.587     8.863   -20.452
     45.564     8.867   -20.460
     45.535     8.873   -20.469
     45.511     8.878   -20.477
     45.488     8.883   -20.485
     45.470     8.886   -20.490
     45.441     8.892   -20.500
     45.418     8.897   -20.508
     45.395     8.902   -20.515
     45.377     8.905   -20.521
     45.354     8.910   -20.529
     45.336     8.914   -20.535
     45.318     8.918   -20.541
     45.304     8.920   -20.546
     45.266     8.928   -20.558
     45.237     8.934   -20.567
     45.208     8.940   -20.577
     45.185     8.945   -20.585
     45.155     8.951   -20.594
     45.132     8.955   -20.602
     45.109     8.960   -20.609
     45.091     8.964   -20.615
     45.062     8.969   -20.625
     45.039     8.974   -20.632
     45.016     8.979   -20.640
     44.997     8.982   -20.646
     44.974     8.987   -20.653
     44.956     8.991   -20.659
     44.938     8.994   -20.665
     44.924     8.997   -20.670
     44.895     9.003   -20.679
     44.871     9.008   -20.687
     44.848     9.013   -20.694
     44.830     9.016   -20.700
     44.807     9.021   -20.708
     44.789     9.024   -20.714
     44.771     9.028   -20.720
     44.757     9.031   -20.724
     44.734     9.036   -20.732
     44.716     9.039   -20.738
     44.697     9.043   -20.743
     44.683     9.046   -20.748
     44.665     9.049   -20.754
     44.651     9.052   -20.759
     44.637     9.055   -20.763
     44.625     9.057   -20.767
     44.578     9.067   -20.782
     44.540     9.074   -20.794
     44.503     9.082   -20.806
     44.474     9.088   -20.816
     44.436     9.095   -20.828
     44.407     9.101   -20.837
     44.377     9.107   -20.847
     44.354     9.111   -20.854
     44.317     9.119   -20.866
     44.287     9.125   -20.875
     44.258     9.131   -20.885
     44.235     9.135   -20.892
     44.205     9.141   -20.902
     44.182     9.146   -20.909
     44.159     9.150   -20.916
     44.141     9.154   -20.922
     44.103     9.161   -20.934
     44.074     9.167   -20.943
     44.045     9.173   -20.953
     44.021     9.177   -20.960
     43.992     9.183   -20.969
     43.969     9.188   -20.977
     43.946     9.192   -20.984
     43.928     9.196   -20.990
     43.898     9.202   -20.999
     43.875     9.206   -21.007
     43.852     9.211   -21.014
     43.834     9.214   -21.020
     43.810     9.219   -21.027
     43.792     9.222   -21.033
     43.774     9.226   -21.038
     43.760     9.229   -21.043
     43.722     9.236   -21.055
     43.693     9.242   -21.064
     43.663     9.247   -21.073
     43.640     9.252   -21.080
     43.611     9.258   -21.090
     43.587     9.262   -21.097
     43.564     9.267   -21.104
     43.546     9.270   -21.110
     43.517     9.276   -21.119
     43.493     9.280   -21.126
     43.470     9.285   -21.134
     43.452     9.288   -21.139
     43.429     9.293   -21.146
     43.411     9.296   -21.152
     43.392     9.300   -21.158
     43.378     9.302   -21.162
     43.348     9.308   -21.171
     43.325     9.313   -21.179
     43.302     9.317   -21.186
     43.284     9.321   -21.191
     43.261     9.325   -21.199
     43.242     9.328   -21.204
     43.224     9.332   -21.210
     43.210     9.335   -21.214
     43.187     9.339   -21.222
     43.168     9.343   -21.227
     43.150     9.346   -21.233
     43.136     9.349   -21.237
     43.118     9.352   -21.243
     43.103     9.355   -21.247
     43.089     9.358   -21.252
     43.078     9.360   -21.255
     43.040     9.367   -21.267
     43.010     9.373   -21.276
     42.981     9.378   -21.285
     42.958     9.383   -21.292
     42.928     9.388   -21.301
     42.905     9.393   -21.308
     42.881     9.397   -21.315
     42.863     9.400   -21.321
     42.834     9.406   -21.330
     42.810     9.410   -21.337
     42.787     9.415   -21.344
     42.769     9.418   -21.349
     42.746     9.422   -21.356
     42.727     9.426   -21.362
     42.709     9.429   -21.368
     42.695     9.432   -21.372
     42.665     9.437   -21.381
     42.642     9.442   -21.388
     42.618     9.446   -21.395
     42.600     9.449   -21.401
     42.577     9.454   -21.408
     42.559     9.457   -21.413
     42.540     9.461   -21.419
     42.526     9.463   -21.423
     42.503     9.467   -21.430
     42.484     9.471   -21.435
     42.466     9.474   -21.441
     42.452     9.477   -21.445
     42.433     9.480   -21.451
     42.419     9.483   -21.455
     42.405     9.486   -21.459
     42.393     9.488   -21.463
     42.364     9.493   -21.472
     42.340     9.497   -21.479
     42.317     9.502   -21.485
     42.299     9.505   -21.491
     42.275     9.509   -21.498
     42.257     9.512   -21.503
     42.239     9.516   -21.509
     42.224     9.518   -21.513
     42.201     9.523   -21.520
     42.183     9.526   -21.525
     42.164     9.529   -21.531
     42.150     9.532   -21.535
     42.132     9.535   -21.541
     42.117     9.538   -21.545
     42.103     9.540   -21.549
     42.092     9.542   -21.552
     42.068     9.547   -21.559
     42.050     9.550   -21.565
     42.031     9.553   -21.570
     42.017     9.556   -21.574
     41.999     9.559   -21.580
     41.984     9.562   -21.584
     41.970     9.564   -21.588
     41.959     9.566   -21.592
     41.940     9.570   -21.597
     41.926     9.572   -21.601
     41.911     9.575   -21.606
     41.900     9.577   -21.609
     41.886     9.579   -21.613
     41.874     9.581   -21.616
     41.863     9.583   -21.620
     41.854     9.585   -21.622
     41.804     9.594   -21.637
     41.765     9.601   -21.648
     41.726     9.608   -21.660
     41.696     9.613   -21.668
     41.657     9.620   -21.680
     41.626     9.625   -21.689
     41.595     9.631   -21.698
     41.571     9.635   -21.705
     41.532     9.642   -21.716
     41.501     9.647   -21.725
     41.471     9.652   -21.734
     41.446     9.657   -21.740
     41.416     9.662   -21.749
     41.392     9.666   -21.756
     41.367     9.670   -21.763
     41.349     9.673   -21.769
     41.309     9.680   -21.780
     41.279     9.685   -21.789
     41.248     9.691   -21.797
     41.224     9.695   -21.804
     41.193     9.700   -21.813
     41.169     9.704   -21.820
     41.145     9.708   -21.827
     41.126     9.712   -21.832
     41.095     9.717   -21.841
     41.071     9.721   -21.847
     41.046     9.725   -21.854
     41.027     9.728   -21.860
     41.003     9.732   -21.866
     40.984     9.735   -21.872
     40.965     9.739   -21.877
     40.950     9.741   -21.881
     40.911     9.748   -21.892
     40.880     9.753   -21.901
     40.850     9.758   -21.910
     40.825     9.762   -21.916
     40.794     9.767   -21.925
     40.770     9.771   -21.932
     40.746     9.775   -21.938
     40.727     9.778   -21.944
     40.696     9.783   -21.952
     40.672     9.787   -21.959
     40.648     9.791   -21.966
     40.629     9.794   -21.971
     40.604     9.798   -21.978
     40.585     9.801   -21.983
     40.566     9.804   -21.988
     40.551     9.807   -21.992
     40.520     9.812   -22.001
     40.496     9.816   -22.007
     40.472     9.819   -22.014
     40.453     9.823   -22.019
     40.429     9.826   -22.026
     40.409     9.829   -22.031
     40.390     9.833   -22.036
     40.375     9.835   -22.040
     40.351     9.839   -22.047
     40.332     9.842   -22.052
     40.313     9.845   -22.057
     40.298     9.847   -22.061
     40.279     9.850   -22.066
     40.264     9.853   -22.070
     40.249     9.855   -22.075
     40.237     9.857   -22.078
     40.198     9.863   -22.088
     40.167     9.868   -22.097
     40.136     9.873   -22.105
     40.112     9.876   -22.112
     40.081     9.881   -22.120
     40.056     9.885   -22.126
     40.032     9.889   -22.133
     40.013     9.892   -22.138
     39.982     9.897   -22.146
     39.958     9.900   -22.153
     39.933     9.904   -22.159
     39.914     9.907   -22.164
     39.890     9.911   -22.171
     39.871     9.914   -22.176
     39.851     9.916   -22.181
     39.836     9.919   -22.185
     39.805     9.923   -22.193
     39.781     9.927   -22.199
     39.757     9.931   -22.206
     39.738     9.934   -22.211
     39.713     9.937   -22.217
     39.694     9.940   -22.222
     39.675     9.943   -22.227
     39.660     9.945   -22.231
     39.635     9.949   -22.237
     39.616     9.952   -22.242
     39.597     9.955   -22.247
     39.582     9.957   -22.251
     39.563     9.960   -22.256
     39.548     9.962   -22.260
     39.533     9.964   -22.264
     39.521     9.966   -22.267
     39.490     9.970   -22.275
     39.465     9.974   -22.282
     39.441     9.977   -22.288
     39.422     9.980   -22.293
     39.397     9.984   -22.299
     39.378     9.986   -22.304
     39.359     9.989   -22.309
     39.344     9.991   -22.313
     39.320     9.995   -22.319
     39.300     9.998   -22.324
     39.281    10.000   -22.329
     39.266    10.003   -22.333
     39.247    10.005   -22.338
     39.232    10.007   -22.341
     39.217    10.010   -22.345
     39.205    10.011   -22.348
     39.180    10.015   -22.355
     39.161    10.017   -22.359
     39.142    10.020   -22.364
     39.127    10.022   -22.368
     39.108    10.025   -22.373
     39.093    10.027   -22.377
     39.077    10.029   -22.381
     39.066    10.031   -22.383
     39.046    10.033   -22.388
     39.031    10.036   -22.392
     39.016    10.038   -22.396
     39.004    10.039   -22.399
     38.989    10.041   -22.403
     38.977    10.043   -22.406
     38.965    10.045   -22.409
     38.956    10.046   -22.411
     38.916    10.051   -22.421
     38.885    10.056   -22.429
     38.854    10.060   -22.436
     38.830    10.063   -22.442
     38.798    10.067   -22.450
     38.774    10.071   -22.456
     38.749    10.074   -22.462
     38.730    10.077   -22.467
     38.699    10.081   -22.475
     38.674    10.084   -22.481
     38.650    10.087   -22.487
     38.631    10.090   -22.491
     38.606    10.093   -22.497
     38.587    10.095   -22.502
     38.568    10.098   -22.507
     38.552    10.100   -22.510
     38.521    10.104   -22.518
     38.497    10.107   -22.524
     38.472    10.110   -22.530
     38.453    10.113   -22.535
     38.428    10.116   -22.540
     38.409    10.118   -22.545
     38.390    10.121   -22.550
     38.374    10.123   -22.553
     38.350    10.126   -22.559
     38.331    10.128   -22.564
     38.311    10.131   -22.568
     38.296    10.133   -22.572
     38.277    10.135   -22.577
     38.262    10.137   -22.580
     38.246    10.139   -22.584
     38.234    10.140   -22.587
     38.203    10.144   -22.594
     38.179    10.147   -22.600
     38.154    10.150   -22.606
     38.135    10.153   -22.610
     38.110    10.156   -22.616
     38.091    10.158   -22.621
     38.071    10.161   -22.625
     38.056    10.162   -22.629
     38.032    10.165   -22.635
     38.012    10.168   -22.639
     37.993    10.170   -22.644
     37.978    10.172   -22.647
     37.958    10.174   -22.652
     37.943    10.176   -22.655
     37.928    10.178   -22.659
     37.916    10.179   -22.661
     37.891    10.182   -22.667
     37.872    10.184   -22.672
     37.853    10.187   -22.676
     37.837    10.188   -22.680
     37.818    10.191   -22.684
     37.803    10.192   -22.688
     37.788    10.194   -22.691
     37.776    10.196   -22.694
     37.756    10.198   -22.698
     37.741    10.200   -22.702
     37.726    10.201   -22.705
     37.714    10.203   -22.708
     37.699    10.204   -22.711
     37.687    10.206   -22.714
     37.675    10.207   -22.717
     37.665    10.208   -22.719
     37.634    10.212   -22.726
     37.609    10.215   -22.732
     37.584    10.217   -22.737
     37.565    10.220   -22.742
     37.540    10.222   -22.747
     37.521    10.224   -22.752
     37.502    10.227   -22.756
     37.486    10.228   -22.759
     37.462    10.231   -22.765
     37.442    10.233   -22.769
     37.423    10.235   -22.773
     37.407    10.237   -22.777
     37.388    10.239   -22.781
     37.373    10.241   -22.785
     37.358    10.242   -22.788
     37.346    10.244   -22.791
     37.321    10.246   -22.796
     37.301    10.248   -22.800
     37.282    10.250   -22.805
     37.267    10.252   -22.808
     37.247    10.254   -22.812
     37.232    10.256   -22.816
     37.217    10.257   -22.819
     37.205    10.258   -22.822
     37.185    10.260   -22.826
     37.170    10.262   -22.829
     37.155    10.264   -22.832
     37.143    10.265   -22.835
     37.127    10.266   -22.838
     37.115    10.268   -22.841
     37.103    10.269   -22.844
     37.094    10.270   -22.846
     37.069    10.272   -22.851
     37.050    10.274   -22.855
     37.030    10.276   -22.859
     37.015    10.278   -22.863
     36.996    10.280   -22.867
     36.980    10.281   -22.870
     36.965    10.283   -22.873
     36.953    10.284   -22.876
     36.933    10.286   -22.880
     36.918    10.287   -22.883
     36.903    10.289   -22.887
     36.891    10.290   -22.889
     36.876    10.292   -22.892
     36.864    10.293   -22.895
     36.851    10.294   -22.897
     36.842    10.295   -22.899
     36.823    10.297   -22.904
     36.807    10.298   -22.907
     36.792    10.300   -22.910
     36.780    10.301   -22.913
     36.765    10.302   -22.916
     36.753    10.303   -22.918
     36.741    10.305   -22.921
     36.731    10.305   -22.923
     36.716    10.307   -22.926
     36.704    10.308   -22.929
     36.692    10.309   -22.931
     36.682    10.310   -22.933
     36.670    10.311   -22.935
     36.661    10.312   -22.937
     36.651    10.313   -22.939
     36.644    10.314   -22.941
     36.604    10.317   -22.949
     36.572    10.320   -22.956
     36.540    10.323   -22.962
     36.516    10.325   -22.967
     36.484    10.328   -22.974
     36.459    10.330   -22.979
     36.434    10.332   -22.984
     36.415    10.334   -22.988
     36.383    10.337   -22.994
     36.358    10.339   -22.999
     36.333    10.341   -23.004
     36.314    10.343   -23.008
     36.289    10.345   -23.013
     36.269    10.347   -23.017
     36.250    10.348   -23.021
     36.234    10.350   -23.024
     36.203    10.352   -23.031
     36.178    10.354   -23.035
     36.153    10.356   -23.040
     36.133    10.358   -23.044
     36.108    10.360   -23.049
     36.089    10.361   -23.053
     36.069    10.363   -23.057
     36.054    10.364   -23.060
     36.029    10.366   -23.065
     36.009    10.368   -23.068
     35.990    10.369   -23.072
     35.975    10.370   -23.075
     35.955    10.372   -23.079
     35.940    10.373   -23.082
     35.924    10.374   -23.085
     35.912    10.375   -23.087
     35.880    10.378   -23.093
     35.855    10.379   -23.098
     35.830    10.381   -23.103
     35.811    10.383   -23.107
     35.786    10.384   -23.111
     35.766    10.386   -23.115
     35.747    10.387   -23.119
     35.731    10.388   -23.122
     35.706    10.390   -23.127
     35.687    10.392   -23.130
     35.667    10.393   -23.134
     35.652    10.394   -23.137
     35.632    10.395   -23.140
     35.617    10.396   -23.143
     35.601    10.397   -23.146
     35.589    10.398   -23.148
     35.564    10.400   -23.153
     35.545    10.401   -23.157
     35.525    10.403   -23.160
     35.509    10.404   -23.163
     35.490    10.405   -23.167
     35.474    10.406   -23.170
     35.459    10.407   -23.172
     35.447    10.408   -23.175
     35.427    10.409   -23.178
     35.412    10.410   -23.181
     35.396    10.411   -23.184
     35.384    10.412   -23.186
     35.369    10.413   -23.189
     35.357    10.413   -23.191
     35.345    10.414   -23.193
     35.335    10.415   -23.195
     35.303    10.417   -23.201
     35.278    10.418   -23.205
     35.253    10.420   -23.210
     35.233    10.421   -23.213
     35.208    10.422   -23.218
     35.189    10.424   -23.221
     35.169    10.425   -23.225
     35.154    10.426   -23.227
     35.129    10.427   -23.232
     35.109    10.428   -23.235
     35.089    10.429   -23.239
     35.074    10.430   -23.241
     35.054    10.431   -23.245
     35.039    10.432   -23.247
     35.023    10.433   -23.250
     35.011    10.433   -23.252
     34.986    10.435   -23.256
     34.966    10.436   -23.260
     34.947    10.437   -23.263
     34.931    10.438   -23.266
     34.912    10.439   -23.269
     34.896    10.439   -23.272
     34.881    10.440   -23.275
     34.868    10.441   -23.277
     34.849    10.442   -23.280
     34.833    10.443   -23.283
     34.818    10.443   -23.285
     34.806    10.444   -23.287
     34.790    10.445   -23.290
     34.778    10.445   -23.292
     34.766    10.446   -23.294
     34.756    10.446   -23.296
     34.731    10.447   -23.300
     34.711    10.448   -23.303
     34.692    10.449   -23.306
     34.676    10.450   -23.309
     34.657    10.451   -23.312
     34.641    10.452   -23.315
     34.626    10.452   -23.317
     34.613    10.453   -23.319
     34.594    10.454   -23.322
     34.578    10.454   -23.325
     34.563    10.455   -23.328
     34.550    10.455   -23.330
     34.535    10.456   -23.332
     34.523    10.457   -23.334
     34.511    10.457   -23.336
     34.501    10.457   -23.338
     34.481    10.458   -23.341
     34.466    10.459   -23.343
     34.450    10.459   -23.346
     34.438    10.460   -23.348
     34.423    10.461   -23.350
     34.410    10.461   -23.352
     34.398    10.461   -23.354
     34.389    10.462   -23.356
     34.373    10.462   -23.358
     34.361    10.463   -23.360
     34.349    10.463   -23.362
     34.339    10.464   -23.363
     34.327    10.464   -23.365
     34.317    10.464   -23.367
     34.308    10.465   -23.368
     34.300    10.465   -23.369
     34.268    10.466   -23.375
     34.243    10.467   -23.378
     34.218    10.468   -23.382
     34.198    10.468   -23.385
     34.173    10.469   -23.389
     34.153    10.470   -23.392
     34.134    10.470   -23.395
     34.118    10.471   -23.398
     34.093    10.472   -23.402
     34.073    10.472   -23.405
     34.053    10.473   -23.408
     34.038    10.473   -23.410
     34.018    10.474   -23.413
     34.003    10.474   -23.415
     33.987    10.475   -23.418
     33.975    10.475   -23.419
     33.950    10.476   -23.423
     33.930    10.476   -23.426
     33.910    10.477   -23.429
     33.895    10.477   -23.431
     33.875    10.477   -23.434
     33.859    10.478   -23.436
     33.844    10.478   -23.439
     33.831    10.478   -23.441
     33.812    10.479   -23.443
     33.796    10.479   -23.446
     33.781    10.480   -23.448
     33.768    10.480   -23.450
     33.753    10.480   -23.452
     33.741    10.480   -23.454
     33.728    10.481   -23.455
     33.719    10.481   -23.457
     33.694    10.481   -23.460
     33.674    10.482   -23.463
     33.654    10.482   -23.466
     33.638    10.482   -23.468
     33.619    10.482   -23.471
     33.603    10.483   -23.473
     33.587    10.483   -23.475
     33.575    10.483   -23.477
     33.555    10.483   -23.480
     33.540    10.484   -23.482
     33.524    10.484   -23.484
     33.512    10.484   -23.486
     33.496    10.484   -23.488
     33.484    10.484   -23.490
     33.472    10.485   -23.491
     33.462    10.485   -23.493
     33.443    10.485   -23.495
     33.427    10.485   -23.498
     33.411    10.485   -23.500
     33.399    10.485   -23.501
     33.384    10.485   -23.504
     33.371    10.486   -23.505
     33.359    10.486   -23.507
     33.350    10.486   -23.508
     33.334    10.486   -23.510
     33.322    10.486   -23.512
     33.309    10.486   -23.513
     33.300    10.486   -23.515
     33.288    10.486   -23.516
     33.278    10.486   -23.518
     33.268    10.486   -23.519
     33.261    10.486   -23.520
     33.236    10.487   -23.523
     33.216    10.487   -23.526
     33.196    10.487   -23.528
     33.180    10.487   -23.530
     33.160    10.487   -23.533
     33.145    10.487   -23.535
     33.129    10.487   -23.537
     33.117    10.487   -23.539
     33.097    10.487   -23.541
     33.082    10.487   -23.543
     33.066    10.487   -23.545
     33.054    10.487   -23.547
     33.038    10.487   -23.549
     33.026    10.487   -23.550
     33.014    10.487   -23.552
     33.004    10.487   -23.553
     32.984    10.487   -23.556
     32.969    10.487   -23.557
     32.953    10.487   -23.559
     32.941    10.487   -23.561
     32.925    10.487   -23.563
     32.913    10.487   -23.564
     32.901    10.487   -23.566
     32.891    10.486   -23.567
     32.875    10.486   -23.569
     32.863    10.486   -23.570
     32.851    10.486   -23.572
     32.841    10.486   -23.573
     32.829    10.486   -23.575
     32.819    10.486   -23.576
     32.810    10.486   -23.577
     32.802    10.486   -23.578
     32.782    10.486   -23.580
     32.767    10.486   -23.582
     32.751    10.485   -23.584
     32.739    10.485   -23.585
     32.723    10.485   -23.587
     32.711    10.485   -23.589
     32.699    10.485   -23.590
     32.689    10.485   -23.591
     32.674    10.485   -23.593
     32.661    10.484   -23.595
     32.649    10.484   -23.596
     32.639    10.484   -23.597
     32.627    10.484   -23.599
     32.617    10.484   -23.600
     32.608    10.484   -23.601
     32.600    10.484   -23.602
     32.585    10.483   -23.604
     32.572    10.483   -23.605
     32.560    10.483   -23.606
     32.550    10.483   -23.607
     32.538    10.483   -23.609
     32.529    10.483   -23.610
     32.519    10.482   -23.611
     32.511    10.482   -23.612
     32.499    10.482   -23.613
     32.489    10.482   -23.614
     32.480    10.482   -23.616
     32.472    10.482   -23.616
     32.463    10.481   -23.617
     32.455    10.481   -23.618
     32.447    10.481   -23.619
     32.441    10.481   -23.620
     32.400    10.480   -23.624
     32.368    10.480   -23.628
     32.336    10.479   -23.631
     32.311    10.478   -23.634
     32.279    10.477   -23.638
     32.253    10.477   -23.640
     32.228    10.476   -23.643
     32.208    10.476   -23.645
     32.176    10.475   -23.648
     32.151    10.474   -23.651
     32.125    10.473   -23.654
     32.105    10.473   -23.656
     32.080    10.472   -23.658
     32.060    10.471   -23.660
     32.040    10.471   -23.662
     32.025    10.470   -23.664
     31.992    10.469   -23.667
     31.967    10.468   -23.670
     31.942    10.468   -23.672
     31.922    10.467   -23.674
     31.897    10.466   -23.677
     31.877    10.465   -23.679
     31.857    10.464   -23.681
     31.841    10.464   -23.682
     31.816    10.463   -23.684
     31.796    10.462   -23.686
     31.776    10.461   -23.688
     31.760    10.461   -23.690
     31.740    10.460   -23.692
     31.725    10.459   -23.693
     31.709    10.459   -23.694
     31.697    10.458   -23.696
     31.665    10.457   -23.698
     31.639    10.456   -23.701
     31.614    10.454   -23.703
     31.594    10.453   -23.705
     31.569    10.452   -23.707
     31.549    10.451   -23.709
     31.529    10.450   -23.711
     31.513    10.450   -23.712
     31.488    10.448   -23.714
     31.468    10.447   -23.716
     31.448    10.446   -23.718
     31.433    10.446   -23.719
     31.413    10.445   -23.721
     31.397    10.444   -23.722
     31.381    10.443   -23.723
     31.369    10.442   -23.724
     31.344    10.441   -23.726
     31.324    10.440   -23.728
     31.304    10.439   -23.730
     31.288    10.438   -23.731
     31.268    10.437   -23.732
     31.253    10.436   -23.734
     31.237    10.435   -23.735
     31.225    10.434   -23.736
     31.205    10.433   -23.737
     31.189    10.432   -23.739
     31.174    10.431   -23.740
     31.161    10.430   -23.741
     31.146    10.429   -23.742
     31.133    10.429   -23.743
     31.121    10.428   -23.744
     31.111    10.427   -23.745
     31.079    10.425   -23.747
     31.054    10.424   -23.749
     31.029    10.422   -23.751
     31.009    10.421   -23.752
     30.983    10.419   -23.754
     30.963    10.418   -23.756
     30.943    10.416   -23.757
     30.928    10.415   -23.758
     30.902    10.414   -23.760
     30.883    10.412   -23.761
     30.863    10.411   -23.763
     30.847    10.410   -23.764
     30.827    10.408   -23.765
     30.811    10.407   -23.766
     30.796    10.406   -23.767
     30.784    10.405   -23.768
     30.758    10.403   -23.770
     30.738    10.402   -23.771
     30.718    10.400   -23.772
     30.703    10.399   -23.773
     30.683    10.397   -23.775
     30.667    10.396   -23.776
     30.652    10.395   -23.777
     30.639    10.394   -23.777
     30.619    10.392   -23.779
     30.604    10.391   -23.780
     30.588    10.390   -23.781
     30.576    10.389   -23.781
     30.560    10.388   -23.782
     30.548    10.387   -23.783
     30.536    10.386   -23.784
     30.526    10.385   -23.784
     30.501    10.383   -23.786
     30.481    10.381   -23.787
     30.461    10.379   -23.788
     30.445    10.378   -23.789
     30.425    10.376   -23.790
     30.410    10.375   -23.791
     30.394    10.374   -23.792
     30.382    10.373   -23.793
     30.362    10.371   -23.794
     30.346    10.369   -23.794
     30.331    10.368   -23.795
     30.318    10.367   -23.796
     30.303    10.365   -23.797
     30.290    10.364   -23.797
     30.278    10.363   -23.798
     30.268    10.362   -23.799
     30.249    10.361   -23.800
     30.233    10.359   -23.800
     30.217    10.358   -23.801
     30.205    10.356   -23.802
     30.189    10.355   -23.803
     30.177    10.354   -23.803
     30.165    10.353   -23.804
     30.155    10.352   -23.804
     30.140    10.350   -23.805
     30.127    10.349   -23.806
     30.115    10.348   -23.806
     30.105    10.347   -23.807
     30.093    10.346   -23.807
     30.083    10.345   -23.808
     30.074    10.344   -23.808
     30.066    10.343   -23.808
     30.034    10.340   -23.810
     30.009    10.337   -23.811
     29.983    10.335   -23.812
     29.964    10.333   -23.813
     29.938    10.330   -23.814
     29.918    10.328   -23.815
     29.898    10.326   -23.816
     29.883    10.324   -23.816
     29.858    10.322   -23.817
     29.838    10.319   -23.818
     29.818    10.317   -23.819
     29.802    10.316   -23.820
     29.782    10.313   -23.820
     29.767    10.312   -23.821
     29.751    10.310   -23.822
     29.739    10.309   -23.822
     29.714    10.306   -23.823
     29.694    10.303   -23.824
     29.674    10.301   -23.824
     29.658    10.299   -23.825
     29.638    10.297   -23.825
     29.623    10.295   -23.826
     29.607    10.294   -23.826
     29.595    10.292   -23.827
     29.575    10.290   -23.828
     29.559    10.288   -23.828
     29.544    10.286   -23.828
     29.532    10.285   -23.829
     29.516    10.283   -23.829
     29.504    10.281   -23.830
     29.491    10.280   -23.830
     29.482    10.279   -23.830
     29.457    10.276   -23.831
     29.437    10.273   -23.832
     29.417    10.271   -23.832
     29.401    10.269   -23.833
     29.381    10.266   -23.833
     29.366    10.264   -23.833
     29.350    10.262   -23.834
     29.338    10.261   -23.834
     29.318    10.258   -23.835
     29.303    10.256   -23.835
     29.287    10.254   -23.835
     29.275    10.253   -23.836
     29.259    10.251   -23.836
     29.247    10.249   -23.836
     29.235    10.248   -23.836
     29.225    10.246   -23.837
     29.205    10.244   -23.837
     29.190    10.242   -23.837
     29.174    10.240   -23.838
     29.162    10.238   -23.838
     29.146    10.236   -23.838
     29.134    10.234   -23.838
     29.122    10.233   -23.839
     29.112    10.231   -23.839
     29.097    10.229   -23.839
     29.084    10.228   -23.839
     29.072    10.226   -23.840
     29.063    10.225   -23.840
     29.050    10.223   -23.840
     29.041    10.222   -23.840
     29.031    10.220   -23.840
     29.024    10.219   -23.840
     28.998    10.216   -23.841
     28.979    10.213   -23.841
     28.959    10.210   -23.841
     28.943    10.208   -23.841
     28.923    10.205   -23.842
     28.908    10.203   -23.842
     28.892    10.201   -23.842
     28.880    10.199   -23.842
     28.860    10.196   -23.842
     28.845    10.194   -23.842
     28.829    10.192   -23.843
     28.817    10.190   -23.843
     28.801    10.188   -23.843
     28.789    10.186   -23.843
     28.777    10.184   -23.843
     28.767    10.182   -23.843
     28.748    10.180   -23.843
     28.732    10.177   -23.843
     28.716    10.175   -23.843
     28.704    10.173   -23.843
     28.689    10.171   -23.843
     28.676    10.169   -23.844
     28.664    10.167   -23.844
     28.655    10.166   -23.844
     28.639    10.163   -23.844
     28.627    10.161   -23.844
     28.615    10.159   -23.844
     28.605    10.158   -23.844
     28.593    10.156   -23.844
     28.583    10.154   -23.844
     28.574    10.153   -23.844
     28.566    10.152   -23.844
     28.546    10.149   -23.844
     28.531    10.146   -23.844
     28.515    10.144   -23.844
     28.503    10.142   -23.844
     28.488    10.139   -23.844
     28.476    10.137   -23.844
     28.463    10.136   -23.844
     28.454    10.134   -23.844
     28.438    10.131   -23.844
     28.426    10.129   -23.843
     28.414    10.128   -23.843
     28.404    10.126   -23.843
     28.392    10.124   -23.843
     28.383    10.122   -23.843
     28.373    10.121   -23.843
     28.365    10.120   -23.843
     28.350    10.117   -23.843
     28.338    10.115   -23.843
     28.326    10.113   -23.843
     28.316    10.111   -23.843
     28.304    10.109   -23.843
     28.294    10.108   -23.843
     28.285    10.106   -23.843
     28.277    10.105   -23.843
     28.265    10.103   -23.842
     28.255    10.101   -23.842
     28.246    10.100   -23.842
     28.238    10.098   -23.842
     28.229    10.097   -23.842
     28.221    10.095   -23.842
     28.214    10.094   -23.842
     28.208    10.093   -23.842
     28.176    10.088   -23.841
     28.151    10.083   -23.841
     28.126    10.079   -23.841
     28.106    10.076   -23.841
     28.081    10.071   -23.840
     28.061    10.068   -23.840
     28.042    10.064   -23.840
     28.026    10.061   -23.839
     28.001    10.057   -23.839
     27.981    10.053   -23.839
     27.962    10.050   -23.838
     27.946    10.047   -23.838
     27.927    10.043   -23.837
     27.911    10.041   -23.837
     27.896    10.038   -23.837
     27.883    10.035   -23.837
     27.858    10.031   -23.836
     27.839    10.027   -23.836
     27.819    10.024   -23.835
     27.804    10.021   -23.835
     27.784    10.017   -23.834
     27.769    10.014   -23.834
     27.753    10.011   -23.833
     27.741    10.009   -23.833
     27.721    10.005   -23.833
     27.706    10.002   -23.832
     27.691     9.999   -23.832
     27.678     9.997   -23.831
     27.663     9.994   -23.831
     27.651     9.991   -23.831
     27.639     9.989   -23.830
     27.629     9.987   -23.830
     27.604     9.982   -23.829
     27.585     9.979   -23.829
     27.565     9.975   -23.828
     27.550     9.972   -23.828
     27.530     9.968   -23.827
     27.515     9.965   -23.826
     27.499     9.962   -23.826
     27.487     9.959   -23.825
     27.467     9.955   -23.825
     27.452     9.952   -23.824
     27.437     9.949   -23.824
     27.425     9.946   -23.823
     27.409     9.943   -23.823
     27.397     9.941   -23.822
     27.385     9.938   -23.822
     27.376     9.936   -23.821
     27.356     9.932   -23.821
     27.341     9.929   -23.820
     27.325     9.926   -23.819
     27.313     9.924   -23.819
     27.298     9.920   -23.818
     27.286     9.918   -23.818
     27.274     9.915   -23.817
     27.264     9.913   -23.817
     27.249     9.910   -23.816
     27.237     9.907   -23.816
     27.225     9.905   -23.815
     27.215     9.903   -23.815
     27.203     9.900   -23.814
     27.194     9.898   -23.814
     27.184     9.896   -23.813
     27.177     9.895   -23.813
     27.152     9.889   -23.812
     27.132     9.885   -23.811
     27.113     9.881   -23.810
     27.097     9.878   -23.809
     27.078     9.873   -23.809
     27.062     9.870   -23.808
     27.047     9.867   -23.807
     27.035     9.864   -23.806
     27.016     9.860   -23.805
     27.000     9.856   -23.805
     26.985     9.853   -23.804
     26.973     9.850   -23.803
     26.958     9.847   -23.803
     26.946     9.844   -23.802
     26.934     9.841   -23.801
     26.924     9.839   -23.801
     26.905     9.835   -23.800
     26.889     9.831   -23.799
     26.874     9.828   -23.798
     26.862     9.825   -23.797
     26.847     9.822   -23.797
     26.835     9.819   -23.796
     26.823     9.816   -23.795
     26.813     9.814   -23.795
     26.798     9.810   -23.794
     26.786     9.808   -23.793
     26.774     9.805   -23.792
     26.764     9.803   -23.792
     26.752     9.800   -23.791
     26.743     9.798   -23.791
     26.734     9.795   -23.790
     26.726     9.794   -23.790
     26.707     9.789   -23.788
     26.691     9.786   -23.787
     26.676     9.782   -23.786
     26.664     9.779   -23.786
     26.649     9.776   -23.785
     26.637     9.773   -23.784
     26.625     9.770   -23.783
     26.615     9.768   -23.783
     26.600     9.764   -23.782
     26.588     9.761   -23.781
     26.576     9.758   -23.780
     26.567     9.756   -23.779
     26.555     9.753   -23.779
     26.545     9.751   -23.778
     26.536     9.748   -23.777
     26.529     9.747   -23.777
     26.513     9.743   -23.776
     26.501     9.740   -23.775
     26.489     9.737   -23.774
     26.480     9.735   -23.774
     26.468     9.732   -23.773
     26.459     9.730   -23.772
     26.449     9.727   -23.772
     26.442     9.725   -23.771
     26.430     9.723   -23.770
     26.421     9.720   -23.769
     26.411     9.718   -23.769
     26.404     9.716   -23.768
     26.394     9.714   -23.768
     26.387     9.712   -23.767
     26.380     9.710   -23.767
     26.374     9.709   -23.766
     26.349     9.702   -23.764
     26.330     9.698   -23.763
     26.310     9.693   -23.761
     26.295     9.689   -23.760
     26.276     9.684   -23.759
     26.261     9.680   -23.758
     26.246     9.676   -23.757
     26.234     9.673   -23.756
     26.214     9.668   -23.754
     26.199     9.664   -23.753
     26.184     9.660   -23.752
     26.172     9.657   -23.751
     26.157     9.653   -23.750
     26.145     9.650   -23.749
     26.133     9.647   -23.748
     26.124     9.645   -23.747
     26.104     9.640   -23.745
     26.089     9.636   -23.744
     26.074     9.632   -23.743
     26.062     9.629   -23.742
     26.047     9.625   -23.741
     26.035     9.621   -23.740
     26.023     9.618   -23.739
     26.014     9.616   -23.738
     25.999     9.612   -23.737
     25.987     9.609   -23.735
     25.975     9.605   -23.734
     25.966     9.603   -23.734
     25.954     9.600   -23.733
     25.944     9.597   -23.732
     25.935     9.595   -23.731
     25.928     9.593   -23.730
     25.909     9.587   -23.729
     25.893     9.583   -23.727
     25.878     9.579   -23.726
     25.866     9.576   -23.725
     25.851     9.572   -23.723
     25.839     9.569   -23.722
     25.828     9.565   -23.721
     25.818     9.563   -23.720
     25.803     9.559   -23.719
     25.791     9.555   -23.718
     25.779     9.552   -23.717
     25.770     9.550   -23.716
     25.758     9.546   -23.715
     25.749     9.544   -23.714
     25.740     9.541   -23.713
     25.732     9.539   -23.712
     25.717     9.535   -23.711
     25.705     9.531   -23.710
     25.694     9.528   -23.709
     25.684     9.526   -23.708
     25.673     9.522   -23.707
     25.663     9.520   -23.706
     25.654     9.517   -23.705
     25.647     9.515   -23.704
     25.635     9.512   -23.703
     25.625     9.509   -23.702
     25.616     9.506   -23.701
     25.609     9.504   -23.700
     25.600     9.502   -23.699
     25.592     9.499   -23.699
     25.585     9.497   -23.698
     25.579     9.496   -23.697
     25.560     9.490   -23.695
     25.545     9.486   -23.694
     25.530     9.482   -23.692
     25.518     9.478   -23.691
     25.503     9.474   -23.690
     25.491     9.470   -23.688
     25.480     9.467   -23.687
     25.470     9.464   -23.686
     25.455     9.460   -23.685
     25.444     9.456   -23.683
     25.432     9.453   -23.682
     25.423     9.450   -23.681
     25.411     9.447   -23.680
     25.401     9.444   -23.679
     25.392     9.441   -23.678
     25.385     9.439   -23.677
     25.370     9.435   -23.676
     25.358     9.431   -23.674
     25.346     9.428   -23.673
     25.337     9.425   -23.672
     25.325     9.422   -23.671
     25.316     9.419   -23.670
     25.307     9.416   -23.669
     25.300     9.414   -23.668
     25.288     9.410   -23.667
     25.279     9.408   -23.666
     25.269     9.405   -23.664
     25.262     9.403   -23.664
     25.253     9.400   -23.663
     25.246     9.398   -23.662
     25.238     9.395   -23.661
     25.233     9.394   -23.660
     25.218     9.389   -23.659
     25.206     9.386   -23.657
     25.194     9.382   -23.656
     25.185     9.379   -23.655
     25.173     9.376   -23.654
     25.164     9.373   -23.653
     25.155     9.370   -23.651
     25.148     9.368   -23.651
     25.136     9.364   -23.649
     25.127     9.361   -23.648
     25.117     9.358   -23.647
     25.110     9.356   -23.646
     25.101     9.353   -23.645
     25.094     9.351   -23.644
     25.086     9.349   -23.643
     25.081     9.347   -23.643
     25.069     9.344   -23.641
     25.060     9.341   -23.640
     25.051     9.338   -23.639
     25.043     9.336   -23.638
     25.034     9.333   -23.637
     25.027     9.330   -23.636
     25.020     9.328   -23.635
     25.014     9.326   -23.635
     25.005     9.324   -23.634
     24.998     9.321   -23.633
     24.990     9.319   -23.632
     24.985     9.317   -23.631
     24.978     9.315   -23.630
     24.972     9.313   -23.630
     24.966     9.311   -23.629
     24.962     9.310   -23.628
     24.912     9.294   -23.622
     24.873     9.282   -23.617
     24.834     9.269   -23.612
     24.803     9.259   -23.608
     24.765     9.247   -23.603
     24.734     9.237   -23.599
     24.703     9.227   -23.595
     24.679     9.219   -23.592
     24.641     9.206   -23.587
     24.610     9.196   -23.583
     24.580     9.186   -23.578
     24.556     9.178   -23.575
     24.525     9.167   -23.571
     24.501     9.159   -23.568
     24.477     9.151   -23.564
     24.459     9.145   -23.562
     24.420     9.132   -23.556
     24.390     9.121   -23.552
     24.359     9.111   -23.547
     24.335     9.103   -23.544
     24.305     9.092   -23.539
     24.281     9.084   -23.536
     24.258     9.075   -23.532
     24.239     9.069   -23.529
     24.209     9.058   -23.525
     24.185     9.050   -23.521
     24.161     9.041   -23.518
     24.142     9.035   -23.515
     24.119     9.026   -23.511
     24.100     9.020   -23.508
     24.081     9.013   -23.505
     24.067     9.008   -23.503
     24.028     8.994   -23.497
     23.998     8.983   -23.492
     23.968     8.972   -23.487
     23.945     8.963   -23.483
     23.914     8.952   -23.479
     23.891     8.944   -23.475
     23.867     8.935   -23.471
     23.849     8.928   -23.468
     23.819     8.917   -23.463
     23.795     8.908   -23.459
     23.772     8.899   -23.455
     23.753     8.892   -23.452
     23.730     8.883   -23.448
     23.711     8.876   -23.445
     23.693     8.869   -23.441
     23.678     8.864   -23.439
     23.648     8.852   -23.434
     23.625     8.843   -23.430
     23.601     8.834   -23.426
     23.583     8.827   -23.422
     23.559     8.818   -23.418
     23.541     8.811   -23.415
     23.523     8.804   -23.412
     23.508     8.799   -23.409
     23.485     8.789   -23.405
     23.466     8.782   -23.402
     23.448     8.775   -23.398
     23.434     8.769   -23.396
     23.415     8.762   -23.392
     23.401     8.756   -23.390
     23.386     8.751   -23.387
     23.375     8.746   -23.385
     23.337     8.731   -23.378
     23.308     8.720   -23.372
     23.278     8.708   -23.367
     23.255     8.698   -23.362
     23.225     8.686   -23.357
     23.202     8.677   -23.352
     23.179     8.668   -23.348
     23.160     8.660   -23.344
     23.131     8.648   -23.339
     23.108     8.639   -23.334
     23.085     8.629   -23.330
     23.066     8.622   -23.326
     23.043     8.612   -23.322
     23.025     8.605   -23.318
     23.007     8.597   -23.314
     22.993     8.591   -23.312
     22.963     8.579   -23.306
     22.940     8.569   -23.301
     22.917     8.560   -23.296
     22.899     8.552   -23.293
     22.876     8.542   -23.288
     22.858     8.535   -23.284
     22.840     8.527   -23.281
     22.825     8.521   -23.278
     22.802     8.511   -23.273
     22.784     8.503   -23.269
     22.766     8.496   -23.265
     22.752     8.490   -23.262
     22.734     8.482   -23.259
     22.720     8.476   -23.256
     22.706     8.470   -23.253
     22.694     8.465   -23.250
     22.665     8.452   -23.244
     22.642     8.442   -23.239
     22.619     8.432   -23.234
     22.601     8.424   -23.230
     22.579     8.414   -23.225
     22.561     8.406   -23.222
     22.543     8.399   -23.218
     22.529     8.392   -23.215
     22.506     8.382   -23.210
     22.488     8.374   -23.206
     22.470     8.366   -23.202
     22.456     8.360   -23.199
     22.438     8.352   -23.195
     22.424     8.346   -23.191
     22.410     8.340   -23.188
     22.399     8.335   -23.186
     22.376     8.324   -23.181
     22.358     8.316   -23.177
     22.340     8.308   -23.173
     22.326     8.302   -23.170
     22.308     8.294   -23.166
     22.294     8.288   -23.162
     22.280     8.281   -23.159
     22.269     8.276   -23.157
     22.252     8.268   -23.153
     22.238     8.262   -23.149
     22.224     8.255   -23.146
     22.213     8.250   -23.144
     22.199     8.244   -23.140
     22.188     8.239   -23.138
     22.177     8.234   -23.135
     22.168     8.230   -23.133
     22.131     8.213   -23.125
     22.103     8.200   -23.118
     22.074     8.186   -23.111
     22.051     8.176   -23.106
     22.023     8.162   -23.099
     22.000     8.152   -23.093
     21.978     8.141   -23.088
     21.960     8.133   -23.084
     21.931     8.119   -23.077
     21.909     8.109   -23.071
     21.886     8.098   -23.066
     21.869     8.089   -23.061
     21.846     8.079   -23.056
     21.829     8.070   -23.052
     21.811     8.062   -23.047
     21.797     8.055   -23.044
     21.769     8.041   -23.037
     21.747     8.031   -23.031
     21.724     8.020   -23.025
     21.707     8.011   -23.021
     21.684     8.000   -23.015
     21.667     7.992   -23.011
     21.649     7.983   -23.007
     21.636     7.977   -23.003
     21.613     7.966   -22.997
     21.596     7.957   -22.993
     21.578     7.948   -22.988
     21.565     7.942   -22.985
     21.547     7.933   -22.980
     21.533     7.926   -22.977
     21.520     7.919   -22.973
     21.509     7.914   -22.970
     21.481     7.900   -22.963
     21.459     7.889   -22.957
     21.436     7.878   -22.951
     21.419     7.869   -22.947
     21.397     7.858   -22.941
     21.379     7.849   -22.936
     21.362     7.840   -22.931
     21.348     7.833   -22.928
     21.326     7.822   -22.922
     21.309     7.813   -22.917
     21.292     7.804   -22.913
     21.278     7.798   -22.909
     21.261     7.789   -22.904
     21.247     7.782   -22.900
     21.234     7.775   -22.897
     21.223     7.769   -22.894
     21.201     7.758   -22.888
     21.184     7.749   -22.883
     21.166     7.740   -22.878
     21.153     7.733   -22.875
     21.136     7.724   -22.870
     21.122     7.717   -22.866
     21.109     7.710   -22.862
     21.098     7.705   -22.859
     21.081     7.696   -22.855
     21.067     7.688   -22.851
     21.054     7.681   -22.847
     21.043     7.676   -22.844
     21.030     7.669   -22.840
     21.019     7.663   -22.837
     21.008     7.658   -22.834
     21.000     7.653   -22.832
     20.972     7.639   -22.824
     20.950     7.627   -22.818
     20.929     7.615   -22.812
     20.911     7.606   -22.807
     20.890     7.595   -22.800
     20.873     7.586   -22.795
     20.855     7.576   -22.790
     20.842     7.569   -22.787
     20.820     7.558   -22.780
     20.803     7.548   -22.775
     20.786     7.539   -22.770
     20.773     7.532   -22.766
     20.756     7.523   -22.761
     20.742     7.515   -22.757
     20.729     7.508   -22.754
     20.719     7.503   -22.750
     20.697     7.491   -22.744
     20.680     7.481   -22.739
     20.663     7.472   -22.734
     20.650     7.465   -22.730
     20.633     7.456   -22.725
     20.619     7.448   -22.721
     20.606     7.441   -22.717
     20.596     7.435   -22.714
     20.579     7.426   -22.709
     20.565     7.418   -22.705
     20.552     7.411   -22.701
     20.542     7.405   -22.697
     20.528     7.398   -22.693
     20.518     7.392   -22.690
     20.507     7.386   -22.687
     20.499     7.382   -22.685
     20.478     7.370   -22.678
     20.461     7.360   -22.673
     20.444     7.351   -22.668
     20.431     7.344   -22.664
     20.414     7.334   -22.658
     20.401     7.327   -22.654
     20.387     7.319   -22.650
     20.377     7.313   -22.647
     20.360     7.304   -22.642
     20.347     7.296   -22.638
     20.334     7.289   -22.634
     20.323     7.283   -22.630
     20.310     7.276   -22.626
     20.300     7.270   -22.623
     20.290     7.264   -22.620
     20.281     7.259   -22.617
     20.265     7.250   -22.612
     20.252     7.242   -22.608
     20.238     7.235   -22.603
     20.228     7.229   -22.600
     20.215     7.221   -22.596
     20.205     7.215   -22.593
     20.194     7.209   -22.589
     20.186     7.205   -22.587
     20.173     7.197   -22.583
     20.163     7.191   -22.579
     20.152     7.185   -22.576
     20.144     7.180   -22.573
     20.134     7.175   -22.570
     20.126     7.170   -22.568
     20.118     7.165   -22.565
     20.111     7.161   -22.563
     20.077     7.142   -22.552
     20.050     7.126   -22.543
     20.023     7.110   -22.534
     20.002     7.098   -22.527
     19.975     7.082   -22.519
     19.954     7.069   -22.512
     19.933     7.057   -22.505
     19.916     7.047   -22.499
     19.890     7.031   -22.490
     19.869     7.019   -22.483
     19.848     7.006   -22.476
     19.831     6.996   -22.471
     19.810     6.984   -22.464
     19.794     6.974   -22.458
     19.777     6.964   -22.453
     19.764     6.956   -22.448
     19.738     6.940   -22.439
     19.717     6.928   -22.432
     19.696     6.915   -22.425
     19.679     6.905   -22.419
     19.658     6.892   -22.412
     19.642     6.882   -22.407
     19.626     6.872   -22.401
     19.613     6.865   -22.396
     19.592     6.852   -22.389
     19.576     6.842   -22.384
     19.559     6.832   -22.378
     19.546     6.824   -22.373
     19.530     6.814   -22.368
     19.517     6.806   -22.363
     19.504     6.798   -22.359
     19.494     6.792   -22.355
     19.468     6.776   -22.346
     19.447     6.763   -22.339
     19.426     6.750   -22.331
     19.410     6.740   -22.326
     19.390     6.727   -22.318
     19.373     6.717   -22.312
     19.357     6.706   -22.307
     19.344     6.698   -22.302
     19.324     6.685   -22.295
     19.307     6.675   -22.289
     19.291     6.665   -22.283
     19.279     6.657   -22.279
     19.262     6.647   -22.273
     19.250     6.639   -22.268
     19.237     6.631   -22.263
     19.227     6.624   -22.260
     19.206     6.611   -22.252
     19.190     6.601   -22.247
     19.174     6.591   -22.241
     19.162     6.583   -22.236
     19.145     6.572   -22.230
     19.133     6.564   -22.225
     19.120     6.556   -22.221
     19.110     6.550   -22.217
     19.094     6.540   -22.211
     19.082     6.531   -22.207
     19.069     6.523   -22.202
     19.059     6.517   -22.198
     19.046     6.509   -22.194
     19.037     6.502   -22.190
     19.027     6.496   -22.186
     19.019     6.491   -22.183
     18.993     6.474   -22.174
     18.973     6.461   -22.166
     18.952     6.448   -22.158
     18.936     6.437   -22.152
     18.916     6.424   -22.145
     18.900     6.413   -22.139
     18.884     6.403   -22.133
     18.871     6.395   -22.128
     18.851     6.381   -22.120
     18.835     6.371   -22.114
     18.819     6.360   -22.108
     18.807     6.352   -22.103
     18.791     6.342   -22.097
     18.778     6.333   -22.092
     18.766     6.325   -22.088
     18.756     6.319   -22.084
     18.736     6.305   -22.076
     18.720     6.295   -22.070
     18.704     6.284   -22.064
     18.692     6.276   -22.059
     18.676     6.265   -22.053
     18.664     6.257   -22.048
     18.651     6.249   -22.043
     18.642     6.242   -22.039
     18.626     6.231   -22.033
     18.613     6.223   -22.028
     18.601     6.215   -22.023
     18.591     6.208   -22.020
     18.579     6.200   -22.015
     18.569     6.193   -22.011
     18.559     6.187   -22.007
     18.552     6.181   -22.004
     18.532     6.168   -21.996
     18.516     6.157   -21.990
     18.500     6.146   -21.984
     18.488     6.138   -21.979
     18.472     6.127   -21.973
     18.460     6.119   -21.968
     18.448     6.110   -21.963
     18.438     6.104   -21.959
     18.422     6.093   -21.953
     18.410     6.085   -21.948
     18.398     6.076   -21.943
     18.388     6.070   -21.939
     18.376     6.061   -21.934
     18.366     6.054   -21.930
     18.356     6.048   -21.926
     18.349     6.043   -21.923
     18.333     6.032   -21.917
     18.321     6.023   -21.912
     18.309     6.015   -21.907
     18.299     6.008   -21.903
     18.287     6.000   -21.898
     18.277     5.993   -21.894
     18.268     5.986   -21.890
     18.260     5.981   -21.887
     18.248     5.972   -21.882
     18.238     5.966   -21.878
     18.229     5.959   -21.874
     18.221     5.954   -21.871
     18.212     5.947   -21.867
     18.204     5.942   -21.864
     18.197     5.936   -21.861
     18.191     5.932   -21.858
     18.165     5.915   -21.848
     18.146     5.901   -21.840
     18.126     5.887   -21.832
     18.111     5.876   -21.825
     18.091     5.862   -21.817
     18.075     5.851   -21.811
     18.060     5.840   -21.804
     18.048     5.832   -21.799
     18.028     5.818   -21.791
     18.013     5.807   -21.784
     17.997     5.796   -21.778
     17.985     5.787   -21.773
     17.970     5.776   -21.766
     17.958     5.767   -21.761
     17.946     5.759   -21.756
     17.936     5.752   -21.752
     17.917     5.738   -21.744
     17.901     5.727   -21.737
     17.886     5.716   -21.731
     17.874     5.707   -21.725
     17.859     5.696   -21.719
     17.847     5.687   -21.714
     17.835     5.679   -21.709
     17.825     5.672   -21.704
     17.810     5.661   -21.698
     17.798     5.652   -21.693
     17.786     5.643   -21.688
     17.777     5.636   -21.683
     17.765     5.628   -21.678
     17.755     5.621   -21.674
     17.746     5.614   -21.670
     17.738     5.608   -21.667
     17.719     5.594   -21.658
     17.704     5.583   -21.652
     17.689     5.572   -21.645
     17.677     5.563   -21.640
     17.661     5.552   -21.633
     17.649     5.543   -21.628
     17.638     5.534   -21.623
     17.628     5.527   -21.619
     17.613     5.516   -21.612
     17.601     5.507   -21.607
     17.589     5.499   -21.602
     17.580     5.492   -21.597
     17.568     5.483   -21.592
     17.559     5.476   -21.588
     17.549     5.469   -21.584
     17.542     5.463   -21.581
     17.527     5.452   -21.574
     17.515     5.443   -21.569
     17.503     5.434   -21.563
     17.494     5.428   -21.559
     17.482     5.419   -21.554
     17.473     5.412   -21.550
     17.463     5.405   -21.546
     17.456     5.399   -21.542
     17.444     5.390   -21.537
     17.435     5.383   -21.533
     17.426     5.376   -21.529
     17.418     5.371   -21.525
     17.409     5.364   -21.521
     17.402     5.358   -21.518
     17.394     5.353   -21.515
     17.389     5.349   -21.512
     17.370     5.334   -21.503
     17.355     5.323   -21.497
     17.340     5.311   -21.490
     17.328     5.302   -21.484
     17.313     5.291   -21.478
     17.301     5.282   -21.472
     17.289     5.273   -21.467
     17.280     5.266   -21.463
     17.265     5.255   -21.456
     17.253     5.246   -21.451
     17.242     5.237   -21.445
     17.233     5.230   -21.441
     17.221     5.221   -21.436
     17.212     5.214   -21.431
     17.202     5.207   -21.427
     17.195     5.201   -21.424
     17.180     5.190   -21.417
     17.169     5.181   -21.411
     17.157     5.172   -21.406
     17.148     5.165   -21.402
     17.136     5.156   -21.396
     17.127     5.149   -21.392
     17.118     5.141   -21.388
     17.110     5.136   -21.384
     17.099     5.127   -21.379
     17.090     5.120   -21.375
     17.081     5.113   -21.370
     17.073     5.107   -21.367
     17.064     5.100   -21.363
     17.057     5.094   -21.359
     17.050     5.089   -21.356
     17.044     5.084   -21.353
     17.029     5.073   -21.347
     17.018     5.064   -21.341
     17.006     5.055   -21.336
     16.997     5.048   -21.331
     16.985     5.039   -21.326
     16.976     5.031   -21.322
     16.967     5.024   -21.317
     16.960     5.019   -21.314
     16.948     5.010   -21.308
     16.939     5.002   -21.304
     16.930     4.995   -21.300
     16.923     4.990   -21.296
     16.914     4.982   -21.292
     16.907     4.977   -21.289
     16.900     4.971   -21.285
     16.894     4.967   -21.283
     16.883     4.958   -21.277
     16.873     4.950   -21.273
     16.864     4.943   -21.268
     16.857     4.938   -21.265
     16.848     4.931   -21.261
     16.841     4.925   -21.257
     16.834     4.919   -21.254
     16.828     4.915   -21.251
     16.819     4.908   -21.247
     16.812     4.902   -21.243
     16.805     4.896   -21.240
     16.800     4.892   -21.237
     16.792     4.886   -21.234
     16.787     4.882   -21.231
     16.781     4.877   -21.228
     16.777     4.874   -21.226
     16.747     4.850   -21.212
     16.723     4.831   -21.200
     16.699     4.812   -21.189
     16.681     4.797   -21.180
     16.657     4.778   -21.168
     16.639     4.763   -21.159
     16.620     4.748   -21.150
     16.606     4.736   -21.143
     16.582     4.717   -21.131
     16.564     4.702   -21.122
     16.545     4.687   -21.113
     16.531     4.676   -21.106
     16.512     4.661   -21.097
     16.498     4.649   -21.090
     16.483     4.637   -21.083
     16.472     4.628   -21.077
     16.449     4.609   -21.065
     16.430     4.593   -21.056
     16.412     4.578   -21.047
     16.398     4.567   -21.040
     16.379     4.551   -21.031
     16.365     4.540   -21.023
     16.350     4.528   -21.016
     16.339     4.518   -21.010
     16.321     4.503   -21.001
     16.307     4.491   -20.994
     16.292     4.479   -20.987
     16.281     4.470   -20.981
     16.267     4.458   -20.974
     16.255     4.449   -20.968
     16.244     4.439   -20.962
     16.235     4.432   -20.958
     16.212     4.413   -20.946
     16.194     4.397   -20.937
     16.176     4.382   -20.927
     16.162     4.370   -20.920
     16.144     4.355   -20.911
     16.129     4.343   -20.903
     16.115     4.331   -20.896
     16.104     4.322   -20.890
     16.086     4.306   -20.881
     16.072     4.294   -20.873
     16.057     4.282   -20.866
     16.046     4.273   -20.860
     16.032     4.261   -20.853
     16.021     4.251   -20.847
     16.010     4.242   -20.841
     16.001     4.234   -20.837
     15.983     4.219   -20.827
     15.969     4.207   -20.820
     15.955     4.195   -20.813
     15.944     4.185   -20.807
     15.930     4.173   -20.799
     15.919     4.164   -20.793
     15.907     4.154   -20.788
     15.899     4.147   -20.783
     15.885     4.135   -20.776
     15.874     4.125   -20.770
     15.863     4.116   -20.764
     15.854     4.108   -20.759
     15.843     4.099   -20.753
     15.834     4.091   -20.749
     15.826     4.084   -20.744
     15.819     4.078   -20.741
     15.796     4.058   -20.729
     15.778     4.043   -20.719
     15.760     4.027   -20.709
     15.746     4.015   -20.702
     15.729     4.000   -20.692
     15.715     3.987   -20.685
     15.701     3.975   -20.677
     15.690     3.966   -20.672
     15.672     3.950   -20.662
     15.658     3.938   -20.654
     15.644     3.926   -20.647
     15.633     3.916   -20.641
     15.619     3.904   -20.633
     15.608     3.894   -20.627
     15.597     3.885   -20.622
     15.589     3.877   -20.617
     15.571     3.861   -20.607
     15.557     3.849   -20.600
     15.543     3.837   -20.592
     15.532     3.827   -20.586
     15.519     3.815   -20.579
     15.508     3.805   -20.573
     15.497     3.796   -20.567
     15.488     3.788   -20.562
     15.474     3.776   -20.554
     15.464     3.766   -20.548
     15.453     3.756   -20.542
     15.444     3.749   -20.538
     15.433     3.739   -20.532
     15.425     3.732   -20.527
     15.416     3.724   -20.522
     15.410     3.718   -20.519
     15.392     3.702   -20.509
     15.378     3.690   -20.501
     15.365     3.678   -20.494
     15.354     3.668   -20.488
     15.340     3.656   -20.480
     15.329     3.646   -20.474
     15.318     3.636   -20.468
     15.310     3.628   -20.463
     15.296     3.616   -20.456
     15.286     3.606   -20.449
     15.275     3.597   -20.443
     15.266     3.589   -20.439
     15.256     3.579   -20.433
     15.247     3.572   -20.428
     15.239     3.564   -20.423
     15.232     3.558   -20.419
     15.218     3.545   -20.412
     15.208     3.536   -20.406
     15.197     3.526   -20.400
     15.188     3.518   -20.395
     15.178     3.509   -20.389
     15.169     3.501   -20.384
     15.161     3.493   -20.379
     15.154     3.487   -20.376
     15.144     3.477   -20.369
     15.135     3.470   -20.365
     15.127     3.462   -20.360
     15.120     3.456   -20.356
     15.112     3.448   -20.351
     15.105     3.442   -20.348
     15.099     3.436   -20.344
     15.093     3.431   -20.341
     15.071     3.411   -20.328
     15.054     3.395   -20.318
     15.037     3.379   -20.309
     15.023     3.367   -20.301
     15.006     3.351   -20.291
     14.993     3.338   -20.283
     14.979     3.326   -20.275
     14.969     3.316   -20.269
     14.951     3.300   -20.259
     14.938     3.288   -20.251
     14.924     3.275   -20.244
     14.914     3.265   -20.238
     14.900     3.253   -20.230
     14.890     3.243   -20.224
     14.879     3.233   -20.217
     14.871     3.225   -20.213
     14.854     3.209   -20.203
     14.840     3.197   -20.195
     14.827     3.184   -20.187
     14.816     3.174   -20.181
     14.803     3.162   -20.173
     14.792     3.152   -20.167
     14.782     3.142   -20.161
     14.774     3.134   -20.156
     14.760     3.121   -20.148
     14.750     3.111   -20.142
     14.739     3.101   -20.135
     14.731     3.094   -20.131
     14.721     3.084   -20.124
     14.712     3.076   -20.119
     14.704     3.068   -20.115
     14.698     3.062   -20.111
     14.681     3.046   -20.101
     14.667     3.033   -20.093
     14.654     3.021   -20.085
     14.643     3.011   -20.079
     14.630     2.998   -20.071
     14.620     2.988   -20.065
     14.609     2.978   -20.058
     14.601     2.970   -20.053
     14.588     2.958   -20.045
     14.577     2.948   -20.039
     14.567     2.938   -20.033
     14.559     2.930   -20.028
     14.548     2.920   -20.022
     14.540     2.912   -20.017
     14.532     2.904   -20.012
     14.526     2.898   -20.008
     14.512     2.885   -20.000
     14.502     2.875   -19.994
     14.492     2.865   -19.988
     14.483     2.857   -19.983
     14.473     2.847   -19.977
     14.465     2.840   -19.972
     14.457     2.832   -19.967
     14.450     2.825   -19.963
     14.440     2.815   -19.957
     14.432     2.808   -19.952
     14.424     2.800   -19.947
     14.417     2.794   -19.943
     14.409     2.786   -19.938
     14.403     2.779   -19.934
     14.396     2.773   -19.930
     14.391     2.768   -19.927
     14.375     2.752   -19.917
     14.362     2.739   -19.909
     14.348     2.727   -19.901
     14.338     2.717   -19.894
     14.325     2.704   -19.886
     14.315     2.694   -19.880
     14.304     2.684   -19.874
     14.296     2.676   -19.869
     14.283     2.663   -19.861
     14.273     2.653   -19.855
     14.263     2.643   -19.848
     14.255     2.635   -19.843
     14.244     2.625   -19.837
     14.236     2.617   -19.832
     14.228     2.609   -19.827
     14.222     2.603   -19.823
     14.209     2.590   -19.815
     14.199     2.580   -19.809
     14.188     2.570   -19.802
     14.180     2.562   -19.797
     14.170     2.552   -19.791
     14.162     2.544   -19.786
     14.154     2.536   -19.781
     14.148     2.530   -19.777
     14.138     2.519   -19.771
     14.130     2.511   -19.766
     14.122     2.503   -19.761
     14.115     2.497   -19.757
     14.107     2.489   -19.752
     14.101     2.483   -19.748
     14.095     2.477   -19.744
     14.090     2.472   -19.741
     14.077     2.459   -19.733
     14.067     2.449   -19.726
     14.056     2.439   -19.720
     14.048     2.431   -19.715
     14.038     2.421   -19.708
     14.030     2.413   -19.703
     14.022     2.405   -19.698
     14.016     2.398   -19.695
     14.006     2.388   -19.688
     13.998     2.380   -19.683
     13.990     2.372   -19.678
     13.984     2.366   -19.674
     13.976     2.358   -19.669
     13.969     2.352   -19.665
     13.963     2.345   -19.661
     13.958     2.341   -19.658
     13.948     2.330   -19.652
     13.940     2.322   -19.647
     13.932     2.314   -19.642
     13.926     2.308   -19.638
     13.918     2.300   -19.633
     13.912     2.294   -19.629
     13.906     2.288   -19.625
     13.901     2.283   -19.622
     13.893     2.275   -19.616
     13.887     2.268   -19.613
     13.880     2.262   -19.609
     13.875     2.257   -19.605
     13.869     2.251   -19.601
     13.864     2.246   -19.598
     13.859     2.241   -19.595
     13.856     2.237   -19.593
     13.835     2.216   -19.579
     13.818     2.199   -19.569
     13.802     2.183   -19.559
     13.789     2.170   -19.550
     13.773     2.153   -19.540
     13.760     2.140   -19.532
     13.748     2.127   -19.523
     13.738     2.117   -19.517
     13.721     2.100   -19.507
     13.709     2.087   -19.498
     13.696     2.074   -19.490
     13.686     2.064   -19.484
     13.673     2.051   -19.475
     13.663     2.041   -19.469
     13.653     2.031   -19.462
     13.645     2.022   -19.457
     13.629     2.006   -19.447
     13.617     1.993   -19.438
     13.604     1.980   -19.430
     13.594     1.969   -19.424
     13.581     1.956   -19.415
     13.571     1.946   -19.409
     13.561     1.936   -19.402
     13.554     1.928   -19.397
     13.541     1.915   -19.389
     13.531     1.904   -19.382
     13.521     1.894   -19.376
     13.513     1.886   -19.371
     13.503     1.876   -19.364
     13.496     1.867   -19.359
     13.488     1.859   -19.354
     13.482     1.853   -19.350
     13.466     1.836   -19.339
     13.453     1.823   -19.331
     13.440     1.810   -19.323
     13.431     1.800   -19.316
     13.418     1.787   -19.308
     13.408     1.776   -19.301
     13.398     1.766   -19.295
     13.391     1.758   -19.290
     13.378     1.745   -19.281
     13.368     1.734   -19.275
     13.358     1.724   -19.268
     13.351     1.716   -19.263
     13.341     1.705   -19.256
     13.333     1.697   -19.251
     13.325     1.689   -19.246
     13.319     1.683   -19.242
     13.307     1.670   -19.234
     13.297     1.659   -19.227
     13.287     1.649   -19.221
     13.279     1.641   -19.215
     13.270     1.630   -19.209
     13.262     1.622   -19.204
     13.254     1.614   -19.198
     13.248     1.608   -19.194
     13.238     1.597   -19.188
     13.231     1.589   -19.183
     13.223     1.581   -19.177
     13.217     1.574   -19.173
     13.209     1.566   -19.168
     13.203     1.560   -19.164
     13.197     1.553   -19.160
     13.193     1.548   -19.157
     13.177     1.532   -19.146
     13.164     1.518   -19.138
     13.152     1.505   -19.129
     13.142     1.495   -19.123
     13.130     1.481   -19.114
     13.120     1.471   -19.108
     13.110     1.461   -19.101
     13.103     1.452   -19.096
     13.090     1.439   -19.087
     13.081     1.429   -19.081
     13.071     1.418   -19.074
     13.063     1.410   -19.069
     13.054     1.400   -19.062
     13.046     1.392   -19.057
     13.038     1.383   -19.052
     13.032     1.377   -19.048
     13.020     1.364   -19.039
     13.010     1.353   -19.033
     13.001     1.343   -19.026
     12.993     1.334   -19.021
     12.983     1.324   -19.014
     12.976     1.316   -19.009
     12.968     1.308   -19.004
     12.962     1.301   -19.000
     12.953     1.291   -18.993
     12.945     1.282   -18.988
     12.937     1.274   -18.982
     12.931     1.268   -18.978
     12.924     1.260   -18.973
     12.918     1.253   -18.969
     12.912     1.247   -18.965
     12.907     1.242   -18.962
     12.895     1.228   -18.953
     12.885     1.218   -18.946
     12.876     1.207   -18.940
     12.868     1.199   -18.934
     12.859     1.189   -18.928
     12.851     1.180   -18.923
     12.844     1.172   -18.917
     12.838     1.166   -18.913
     12.828     1.155   -18.906
     12.820     1.147   -18.901
     12.813     1.139   -18.896
     12.807     1.132   -18.892
     12.799     1.124   -18.887
     12.794     1.117   -18.882
     12.788     1.111   -18.878
     12.783     1.106   -18.875
     12.773     1.095   -18.868
     12.766     1.087   -18.863
     12.758     1.079   -18.858
     12.753     1.072   -18.854
     12.745     1.064   -18.848
     12.739     1.057   -18.844
     12.733     1.051   -18.840
     12.729     1.046   -18.837
     12.721     1.038   -18.832
     12.715     1.031   -18.827
     12.709     1.025   -18.823
     12.705     1.019   -18.820
     12.699     1.013   -18.816
     12.694     1.008   -18.813
     12.690     1.003   -18.809
     12.686     0.999   -18.807
     12.670     0.982   -18.796
     12.658     0.968   -18.787
     12.646     0.955   -18.779
     12.637     0.944   -18.772
     12.625     0.931   -18.763
     12.615     0.920   -18.757
     12.606     0.910   -18.750
     12.598     0.901   -18.745
     12.586     0.888   -18.736
     12.577     0.877   -18.729
     12.567     0.867   -18.723
     12.560     0.859   -18.717
     12.550     0.848   -18.710
     12.543     0.840   -18.705
     12.535     0.831   -18.700
     12.530     0.825   -18.696
     12.518     0.811   -18.687
     12.508     0.801   -18.680
     12.499     0.790   -18.674
     12.491     0.782   -18.668
     12.482     0.771   -18.661
     12.474     0.763   -18.656
     12.467     0.755   -18.651
     12.461     0.748   -18.647
     12.452     0.738   -18.640
     12.444     0.729   -18.635
     12.437     0.721   -18.629
     12.431     0.714   -18.625
     12.424     0.706   -18.620
     12.418     0.700   -18.615
     12.412     0.693   -18.611
     12.408     0.688   -18.608
     12.396     0.674   -18.599
     12.386     0.664   -18.593
     12.377     0.653   -18.586
     12.369     0.645   -18.580
     12.360     0.634   -18.574
     12.353     0.626   -18.568
     12.345     0.617   -18.563
     12.339     0.611   -18.559
     12.330     0.600   -18.552
     12.323     0.592   -18.547
     12.315     0.584   -18.541
     12.310     0.577   -18.537
     12.302     0.569   -18.532
     12.297     0.562   -18.527
     12.291     0.555   -18.523
     12.286     0.550   -18.520
     12.277     0.540   -18.513
     12.270     0.531   -18.508
     12.262     0.523   -18.502
     12.256     0.516   -18.498
     12.249     0.508   -18.493
     12.243     0.501   -18.489
     12.238     0.495   -18.484
     12.233     0.490   -18.481
     12.226     0.481   -18.476
     12.220     0.475   -18.472
     12.214     0.468   -18.467
     12.210     0.463   -18.464
     12.204     0.456   -18.460
     12.199     0.451   -18.456
     12.195     0.446   -18.453
     12.191     0.442   -18.451
     12.180     0.428   -18.442
     12.170     0.418   -18.435
     12.161     0.407   -18.428
     12.154     0.399   -18.423
     12.144     0.388   -18.416
     12.137     0.380   -18.411
     12.130     0.371   -18.405
     12.124     0.365   -18.401
     12.115     0.354   -18.394
     12.108     0.346   -18.389
     12.100     0.337   -18.383
     12.095     0.331   -18.379
     12.087     0.322   -18.374
     12.082     0.316   -18.369
     12.076     0.309   -18.365
     12.071     0.304   -18.362
     12.062     0.293   -18.355
     12.055     0.285   -18.350
     12.048     0.276   -18.344
     12.042     0.270   -18.340
     12.035     0.261   -18.335
     12.029     0.255   -18.330
     12.023     0.248   -18.326
     12.019     0.243   -18.323
     12.012     0.234   -18.317
     12.006     0.228   -18.313
     12.000     0.221   -18.309
     11.996     0.216   -18.306
     11.990     0.209   -18.301
     11.985     0.204   -18.298
     11.981     0.199   -18.295
     11.978     0.195   -18.292
     11.968     0.184   -18.285
     11.961     0.176   -18.280
     11.954     0.167   -18.274
     11.948     0.161   -18.270
     11.941     0.152   -18.265
     11.935     0.146   -18.260
     11.930     0.139   -18.256
     11.925     0.134   -18.253
     11.918     0.125   -18.247
     11.912     0.119   -18.243
     11.907     0.112   -18.239
     11.902     0.107   -18.236
     11.897     0.100   -18.231
     11.892     0.095   -18.228
     11.888     0.090   -18.225
     11.884     0.086   -18.222
     11.877     0.077   -18.216
     11.871     0.071   -18.212
     11.866     0.064   -18.208
     11.861     0.059   -18.205
     11.856     0.052   -18.200
     11.851     0.047   -18.197
     11.847     0.042   -18.194
     11.843     0.038   -18.191
     11.838     0.031   -18.187
     11.833     0.026   -18.183
     11.829     0.021   -18.180
     11.825     0.017   -18.177
     11.821     0.011   -18.174
     11.817     0.007   -18.171
     11.814     0.003   -18.169
     11.811    -0.000   -18.167
